  Measurement Number     Measurement type
                 126                DC IV

      Measurement ID             SeriesID
       739598.709443                   45

         MeasureMode                Bias1                Bias2
                   2                   -3                    3

                Step  Positive compliance  Negative compliance
                0.05                0.005                0.001

  RealMeasuredPoints
                 244

        Bias        Current     Resistance
0.0000e+00   3.3387e-10   0.0000e+00
-5.0000e-02   -8.5596e-08   5.8414e+05
-1.0000e-01   -1.8786e-07   5.3231e+05
-1.5000e-01   -3.1780e-07   4.7199e+05
-2.0000e-01   -4.7318e-07   4.2267e+05
-2.5000e-01   -6.6964e-07   3.7333e+05
-3.0000e-01   -8.5796e-07   3.4967e+05
-3.5000e-01   -1.1309e-06   3.0950e+05
-4.0000e-01   -1.4092e-06   2.8385e+05
-4.5000e-01   -1.7423e-06   2.5828e+05
-5.0000e-01   -2.1291e-06   2.3484e+05
-5.5000e-01   -2.5885e-06   2.1248e+05
-6.0000e-01   -3.0635e-06   1.9585e+05
-6.5000e-01   -3.5510e-06   1.8305e+05
-7.0000e-01   -4.1277e-06   1.6959e+05
-7.5000e-01   -4.8077e-06   1.5600e+05
-8.0000e-01   -5.4088e-06   1.4791e+05
-8.5000e-01   -6.1412e-06   1.3841e+05
-9.0000e-01   -6.9594e-06   1.2932e+05
-9.5000e-01   -7.7550e-06   1.2250e+05
-1.0000e+00   -8.8470e-06   1.1303e+05
-1.0500e+00   -1.0370e-05   1.0125e+05
-1.1000e+00   -1.1400e-05   9.6493e+04
-1.1500e+00   -1.1426e-05   1.0065e+05
-1.2000e+00   -1.2442e-05   9.6448e+04
-1.2500e+00   -1.3654e-05   9.1548e+04
-1.3000e+00   -1.4746e-05   8.8160e+04
-1.3500e+00   -1.5998e-05   8.4386e+04
-1.4000e+00   -1.7870e-05   7.8344e+04
-1.4500e+00   -1.9046e-05   7.6131e+04
-1.5000e+00   -1.9980e-05   7.5075e+04
-1.5500e+00   -2.1376e-04   7.2511e+03
-1.6000e+00   -2.1972e-04   7.2820e+03
-1.6500e+00   -2.2454e-04   7.3484e+03
-1.7000e+00   -2.3552e-04   7.2181e+03
-1.7500e+00   -2.4210e-04   7.2284e+03
-1.8000e+00   -2.4914e-04   7.2249e+03
-1.8500e+00   -2.5826e-04   7.1633e+03
-1.9000e+00   -2.6688e-04   7.1193e+03
-1.9500e+00   -2.7558e-04   7.0760e+03
-2.0000e+00   -2.8684e-04   6.9725e+03
-2.0500e+00   -2.9678e-04   6.9075e+03
-2.1000e+00   -3.0692e-04   6.8422e+03
-2.1500e+00   -3.1696e-04   6.7832e+03
-2.2000e+00   -3.2554e-04   6.7580e+03
-2.2500e+00   -3.3476e-04   6.7212e+03
-2.3000e+00   -3.4202e-04   6.7248e+03
-2.3500e+00   -3.5118e-04   6.6917e+03
-2.4000e+00   -3.5878e-04   6.6893e+03
-2.4500e+00   -3.6876e-04   6.6439e+03
-2.5000e+00   -3.7694e-04   6.6324e+03
-2.5500e+00   -3.8326e-04   6.6534e+03
-2.6000e+00   -3.8424e-04   6.7666e+03
-2.6500e+00   -4.2022e-04   6.3062e+03
-2.7000e+00   -4.3004e-04   6.2785e+03
-2.7500e+00   -4.3644e-04   6.3010e+03
-2.8000e+00   -4.4874e-04   6.2397e+03
-2.8500e+00   -4.5824e-04   6.2194e+03
-2.9000e+00   -4.6638e-04   6.2181e+03
-2.9500e+00   -4.7736e-04   6.1798e+03
-3.0000e+00   -4.8380e-04   6.2009e+03
-3.0000e+00   -4.6168e-04   6.4980e+03
-2.9500e+00   -4.6614e-04   6.3286e+03
-2.9000e+00   -4.5642e-04   6.3538e+03
-2.8500e+00   -4.4846e-04   6.3551e+03
-2.8000e+00   -4.4010e-04   6.3622e+03
-2.7500e+00   -4.3294e-04   6.3519e+03
-2.7000e+00   -4.2408e-04   6.3667e+03
-2.6500e+00   -4.1682e-04   6.3577e+03
-2.6000e+00   -4.0846e-04   6.3654e+03
-2.5500e+00   -4.0084e-04   6.3616e+03
-2.5000e+00   -3.9300e-04   6.3613e+03
-2.4500e+00   -3.8526e-04   6.3593e+03
-2.4000e+00   -3.7730e-04   6.3610e+03
-2.3500e+00   -3.6932e-04   6.3630e+03
-2.3000e+00   -3.6110e-04   6.3694e+03
-2.2500e+00   -3.5294e-04   6.3750e+03
-2.2000e+00   -3.4472e-04   6.3820e+03
-2.1500e+00   -3.3650e-04   6.3893e+03
-2.1000e+00   -3.2814e-04   6.3997e+03
-2.0500e+00   -3.1958e-04   6.4147e+03
-2.0000e+00   -3.1108e-04   6.4292e+03
-1.9500e+00   -3.0278e-04   6.4403e+03
-1.9000e+00   -2.9438e-04   6.4542e+03
-1.8500e+00   -2.8600e-04   6.4685e+03
-1.8000e+00   -2.7760e-04   6.4841e+03
-1.7500e+00   -2.6930e-04   6.4983e+03
-1.7000e+00   -2.6098e-04   6.5139e+03
-1.6500e+00   -2.5274e-04   6.5284e+03
-1.6000e+00   -2.4460e-04   6.5413e+03
-1.5500e+00   -2.3644e-04   6.5556e+03
-1.5000e+00   -2.2828e-04   6.5709e+03
-1.4500e+00   -2.2020e-04   6.5849e+03
-1.4000e+00   -2.1214e-04   6.5994e+03
-1.3500e+00   -2.0412e-04   6.6138e+03
-1.3000e+00   -1.9612e-04   6.6286e+03
-1.2500e+00   -1.8826e-04   6.6398e+03
-1.2000e+00   -1.8046e-04   6.6497e+03
-1.1500e+00   -1.7264e-04   6.6613e+03
-1.1000e+00   -1.6484e-04   6.6731e+03
-1.0500e+00   -1.5712e-04   6.6828e+03
-1.0000e+00   -1.4942e-04   6.6925e+03
-9.5000e-01   -1.4176e-04   6.7015e+03
-9.0000e-01   -1.3410e-04   6.7114e+03
-8.5000e-01   -1.2650e-04   6.7194e+03
-8.0000e-01   -1.1888e-04   6.7295e+03
-7.5000e-01   -1.1134e-04   6.7361e+03
-7.0000e-01   -1.0378e-04   6.7450e+03
-6.5000e-01   -9.6422e-05   6.7412e+03
-6.0000e-01   -8.8920e-05   6.7476e+03
-5.5000e-01   -8.1438e-05   6.7536e+03
-5.0000e-01   -7.3954e-05   6.7610e+03
-4.5000e-01   -6.6508e-05   6.7661e+03
-4.0000e-01   -5.9090e-05   6.7693e+03
-3.5000e-01   -5.1664e-05   6.7745e+03
-3.0000e-01   -4.4252e-05   6.7794e+03
-2.5000e-01   -3.6850e-05   6.7843e+03
-2.0000e-01   -2.9454e-05   6.7902e+03
-1.5000e-01   -2.2084e-05   6.7922e+03
-1.0000e-01   -1.4710e-05   6.7981e+03
-5.0000e-02   -7.3306e-06   6.8207e+03
0.0000e+00   3.2230e-08   0.0000e+00
0.0000e+00   3.2019e-08   0.0000e+00
5.0000e-02   7.3947e-06   6.7616e+03
1.0000e-01   1.4760e-05   6.7751e+03
1.5000e-01   2.2144e-05   6.7738e+03
2.0000e-01   2.9484e-05   6.7833e+03
2.5000e-01   3.6874e-05   6.7798e+03
3.0000e-01   4.4266e-05   6.7772e+03
3.5000e-01   5.1672e-05   6.7735e+03
4.0000e-01   5.9088e-05   6.7696e+03
4.5000e-01   6.6520e-05   6.7649e+03
5.0000e-01   7.3942e-05   6.7621e+03
5.5000e-01   8.1406e-05   6.7563e+03
6.0000e-01   8.8900e-05   6.7492e+03
6.5000e-01   9.6388e-05   6.7436e+03
7.0000e-01   1.0392e-04   6.7357e+03
7.5000e-01   1.1146e-04   6.7291e+03
8.0000e-01   1.1916e-04   6.7137e+03
8.5000e-01   1.2680e-04   6.7035e+03
9.0000e-01   1.3438e-04   6.6974e+03
9.5000e-01   1.4206e-04   6.6873e+03
1.0000e+00   1.4970e-04   6.6800e+03
1.0500e+00   1.5744e-04   6.6692e+03
1.1000e+00   1.6518e-04   6.6594e+03
1.1500e+00   1.7292e-04   6.6505e+03
1.2000e+00   1.8076e-04   6.6386e+03
1.2500e+00   1.8864e-04   6.6264e+03
1.3000e+00   1.9656e-04   6.6138e+03
1.3500e+00   2.0452e-04   6.6008e+03
1.4000e+00   2.1250e-04   6.5882e+03
1.4500e+00   2.2056e-04   6.5742e+03
1.5000e+00   2.2862e-04   6.5611e+03
1.5500e+00   2.3670e-04   6.5484e+03
1.6000e+00   2.4488e-04   6.5338e+03
1.6500e+00   2.5310e-04   6.5192e+03
1.7000e+00   2.6130e-04   6.5059e+03
1.7500e+00   2.6956e-04   6.4921e+03
1.8000e+00   2.7782e-04   6.4790e+03
1.8500e+00   2.8614e-04   6.4654e+03
1.9000e+00   2.9444e-04   6.4529e+03
1.9500e+00   3.0282e-04   6.4395e+03
2.0000e+00   3.1124e-04   6.4259e+03
2.0500e+00   3.1966e-04   6.4131e+03
2.1000e+00   3.2796e-04   6.4032e+03
2.1500e+00   3.3624e-04   6.3942e+03
2.2000e+00   3.4444e-04   6.3872e+03
2.2500e+00   3.5268e-04   6.3797e+03
2.3000e+00   3.6100e-04   6.3712e+03
2.3500e+00   3.6898e-04   6.3689e+03
2.4000e+00   3.7766e-04   6.3549e+03
2.4500e+00   3.8640e-04   6.3406e+03
2.5000e+00   3.9422e-04   6.3416e+03
2.5500e+00   4.0162e-04   6.3493e+03
2.6000e+00   4.0952e-04   6.3489e+03
2.6500e+00   4.1814e-04   6.3376e+03
2.7000e+00   4.2610e-04   6.3365e+03
2.7500e+00   4.3594e-04   6.3082e+03
2.8000e+00   4.8156e-04   5.8144e+03
2.8500e+00   4.9972e-04   5.7032e+03
2.9000e+00   5.0984e-04   5.6881e+03
2.9500e+00   5.1682e-04   5.7080e+03
3.0000e+00   5.1262e-04   5.8523e+03
3.0000e+00   5.1544e-04   5.8203e+03
2.9500e+00   9.2384e-05   3.1932e+04
2.9000e+00   8.9136e-05   3.2535e+04
2.8500e+00   8.6074e-05   3.3111e+04
2.8000e+00   8.2508e-05   3.3936e+04
2.7500e+00   7.9084e-05   3.4773e+04
2.7000e+00   7.6162e-05   3.5451e+04
2.6500e+00   7.2354e-05   3.6625e+04
2.6000e+00   6.9500e-05   3.7410e+04
2.5500e+00   6.6114e-05   3.8570e+04
2.5000e+00   6.2858e-05   3.9772e+04
2.4500e+00   6.0084e-05   4.0776e+04
2.4000e+00   5.7010e-05   4.2098e+04
2.3500e+00   5.4010e-05   4.3510e+04
2.3000e+00   5.1588e-05   4.4584e+04
2.2500e+00   4.9060e-05   4.5862e+04
2.2000e+00   4.6688e-05   4.7121e+04
2.1500e+00   4.4356e-05   4.8471e+04
2.1000e+00   4.2114e-05   4.9865e+04
2.0500e+00   3.9780e-05   5.1533e+04
2.0000e+00   3.7558e-05   5.3251e+04
1.9500e+00   3.5364e-05   5.5141e+04
1.9000e+00   3.3454e-05   5.6794e+04
1.8500e+00   3.1642e-05   5.8467e+04
1.8000e+00   2.9704e-05   6.0598e+04
1.7500e+00   2.7822e-05   6.2900e+04
1.7000e+00   2.6122e-05   6.5079e+04
1.6500e+00   2.4546e-05   6.7221e+04
1.6000e+00   2.2794e-05   7.0194e+04
1.5500e+00   2.1272e-05   7.2866e+04
1.5000e+00   1.9878e-05   7.5460e+04
1.4500e+00   1.8398e-05   7.8813e+04
1.4000e+00   1.7028e-05   8.2218e+04
1.3500e+00   1.5586e-05   8.6616e+04
1.3000e+00   1.4406e-05   9.0240e+04
1.2500e+00   1.3382e-05   9.3409e+04
1.2000e+00   1.2300e-05   9.7561e+04
1.1500e+00   1.1226e-05   1.0244e+05
1.1000e+00   1.0296e-05   1.0684e+05
1.0500e+00   9.3746e-06   1.1200e+05
1.0000e+00   8.4797e-06   1.1793e+05
9.5000e-01   7.6447e-06   1.2427e+05
9.0000e-01   6.8240e-06   1.3189e+05
8.5000e-01   6.0832e-06   1.3973e+05
8.0000e-01   5.3701e-06   1.4897e+05
7.5000e-01   4.7257e-06   1.5871e+05
7.0000e-01   4.1196e-06   1.6992e+05
6.5000e-01   3.5598e-06   1.8259e+05
6.0000e-01   3.0646e-06   1.9578e+05
5.5000e-01   2.6049e-06   2.1114e+05
5.0000e-01   2.1869e-06   2.2863e+05
4.5000e-01   1.7946e-06   2.5075e+05
4.0000e-01   1.4449e-06   2.7684e+05
3.5000e-01   1.1496e-06   3.0445e+05
3.0000e-01   8.8400e-07   3.3937e+05
2.5000e-01   6.5816e-07   3.7985e+05
2.0000e-01   4.6878e-07   4.2664e+05
1.5000e-01   3.0978e-07   4.8421e+05
1.0000e-01   1.8336e-07   5.4538e+05
5.0000e-02   7.9950e-08   6.2539e+05
0.0000e+00   -2.9214e-10   -0.0000e+00
