  Measurement Number     Measurement type
                  30                DC IV

      Measurement ID             SeriesID
       739598.701811                   19

         MeasureMode                Bias1                Bias2
                   2                 -2.5                  2.5

                Step  Positive compliance  Negative compliance
                0.05                0.001                0.001

  RealMeasuredPoints
                 204

        Bias        Current     Resistance
0.0000e+00   1.2891e-09   0.0000e+00
-5.0000e-02   -3.5414e-07   1.4119e+05
-1.0000e-01   -7.7136e-07   1.2964e+05
-1.5000e-01   -1.2868e-06   1.1657e+05
-2.0000e-01   -1.8772e-06   1.0654e+05
-2.5000e-01   -2.4150e-06   1.0352e+05
-3.0000e-01   -3.3597e-06   8.9294e+04
-3.5000e-01   -4.2401e-06   8.2545e+04
-4.0000e-01   -5.2337e-06   7.6428e+04
-4.5000e-01   -6.3442e-06   7.0931e+04
-5.0000e-01   -7.5195e-06   6.6494e+04
-5.5000e-01   -8.8085e-06   6.2440e+04
-6.0000e-01   -1.0139e-05   5.9176e+04
-6.5000e-01   -1.1664e-05   5.5727e+04
-7.0000e-01   -1.3114e-05   5.3378e+04
-7.5000e-01   -1.5040e-05   4.9867e+04
-8.0000e-01   -1.6942e-05   4.7220e+04
-8.5000e-01   -1.8984e-05   4.4775e+04
-9.0000e-01   -2.0962e-05   4.2935e+04
-9.5000e-01   -2.3148e-05   4.1040e+04
-1.0000e+00   -2.2094e-05   4.5261e+04
-1.0500e+00   -2.4302e-05   4.3206e+04
-1.1000e+00   -2.6594e-05   4.1363e+04
-1.1500e+00   -2.8782e-05   3.9956e+04
-1.2000e+00   -3.1202e-05   3.8459e+04
-1.2500e+00   -3.4462e-05   3.6272e+04
-1.3000e+00   -3.7160e-05   3.4984e+04
-1.3500e+00   -3.9692e-05   3.4012e+04
-1.4000e+00   -4.2324e-05   3.3078e+04
-1.4500e+00   -4.5950e-05   3.1556e+04
-1.5000e+00   -4.8582e-05   3.0876e+04
-1.5500e+00   -5.1574e-05   3.0054e+04
-1.6000e+00   -5.4986e-05   2.9098e+04
-1.6500e+00   -5.7762e-05   2.8565e+04
-1.7000e+00   -1.9458e-04   8.7368e+03
-1.7500e+00   -2.0292e-04   8.6241e+03
-1.8000e+00   -2.1126e-04   8.5203e+03
-1.8500e+00   -2.1718e-04   8.5183e+03
-1.9000e+00   -2.2442e-04   8.4663e+03
-1.9500e+00   -2.3338e-04   8.3555e+03
-2.0000e+00   -2.3796e-04   8.4048e+03
-2.0500e+00   -2.2556e-04   9.0885e+03
-2.1000e+00   -5.3260e-04   3.9429e+03
-2.1500e+00   -6.1304e-04   3.5071e+03
-2.2000e+00   -6.4484e-04   3.4117e+03
-2.2500e+00   -6.8108e-04   3.3036e+03
-2.3000e+00   -7.0928e-04   3.2427e+03
-2.3500e+00   -7.4922e-04   3.1366e+03
-2.4000e+00   -7.8508e-04   3.0570e+03
-2.4500e+00   -8.1166e-04   3.0185e+03
-2.5000e+00   -8.5358e-04   2.9288e+03
-2.5000e+00   -8.9014e-04   2.8085e+03
-2.4500e+00   -8.7516e-04   2.7995e+03
-2.4000e+00   -8.5740e-04   2.7992e+03
-2.3500e+00   -8.3810e-04   2.8040e+03
-2.3000e+00   -8.1864e-04   2.8095e+03
-2.2500e+00   -8.0206e-04   2.8053e+03
-2.2000e+00   -7.8328e-04   2.8087e+03
-2.1500e+00   -7.6308e-04   2.8175e+03
-2.1000e+00   -7.4328e-04   2.8253e+03
-2.0500e+00   -7.2714e-04   2.8193e+03
-2.0000e+00   -7.0948e-04   2.8190e+03
-1.9500e+00   -6.9138e-04   2.8204e+03
-1.9000e+00   -6.7482e-04   2.8156e+03
-1.8500e+00   -6.5188e-04   2.8379e+03
-1.8000e+00   -6.3404e-04   2.8389e+03
-1.7500e+00   -6.1550e-04   2.8432e+03
-1.7000e+00   -5.9692e-04   2.8480e+03
-1.6500e+00   -5.7914e-04   2.8491e+03
-1.6000e+00   -5.6230e-04   2.8455e+03
-1.5500e+00   -5.4304e-04   2.8543e+03
-1.5000e+00   -5.2350e-04   2.8653e+03
-1.4500e+00   -5.0620e-04   2.8645e+03
-1.4000e+00   -4.8676e-04   2.8762e+03
-1.3500e+00   -4.6938e-04   2.8761e+03
-1.3000e+00   -4.4992e-04   2.8894e+03
-1.2500e+00   -4.3148e-04   2.8970e+03
-1.2000e+00   -4.1368e-04   2.9008e+03
-1.1500e+00   -3.9548e-04   2.9079e+03
-1.1000e+00   -3.7764e-04   2.9128e+03
-1.0500e+00   -3.5988e-04   2.9176e+03
-1.0000e+00   -3.4198e-04   2.9241e+03
-9.5000e-01   -3.2416e-04   2.9307e+03
-9.0000e-01   -3.0644e-04   2.9370e+03
-8.5000e-01   -2.8882e-04   2.9430e+03
-8.0000e-01   -2.7118e-04   2.9501e+03
-7.5000e-01   -2.5370e-04   2.9562e+03
-7.0000e-01   -2.3638e-04   2.9613e+03
-6.5000e-01   -2.1876e-04   2.9713e+03
-6.0000e-01   -2.0170e-04   2.9747e+03
-5.5000e-01   -1.8468e-04   2.9781e+03
-5.0000e-01   -1.6730e-04   2.9886e+03
-4.5000e-01   -1.5028e-04   2.9944e+03
-4.0000e-01   -1.3344e-04   2.9976e+03
-3.5000e-01   -1.1644e-04   3.0058e+03
-3.0000e-01   -9.9806e-05   3.0058e+03
-2.5000e-01   -8.3018e-05   3.0114e+03
-2.0000e-01   -6.6260e-05   3.0184e+03
-1.5000e-01   -4.9716e-05   3.0171e+03
-1.0000e-01   -3.3032e-05   3.0274e+03
-5.0000e-02   -1.6490e-05   3.0321e+03
0.0000e+00   6.4037e-08   0.0000e+00
0.0000e+00   6.6238e-08   0.0000e+00
5.0000e-02   1.6546e-05   3.0219e+03
1.0000e-01   3.3072e-05   3.0237e+03
1.5000e-01   4.9496e-05   3.0305e+03
2.0000e-01   6.6030e-05   3.0289e+03
2.5000e-01   8.2594e-05   3.0269e+03
3.0000e-01   9.9218e-05   3.0236e+03
3.5000e-01   1.1618e-04   3.0126e+03
4.0000e-01   1.3284e-04   3.0111e+03
4.5000e-01   1.4994e-04   3.0012e+03
5.0000e-01   1.6680e-04   2.9976e+03
5.5000e-01   1.8360e-04   2.9956e+03
6.0000e-01   2.0040e-04   2.9940e+03
6.5000e-01   2.1750e-04   2.9885e+03
7.0000e-01   2.3492e-04   2.9797e+03
7.5000e-01   2.5224e-04   2.9734e+03
8.0000e-01   2.6954e-04   2.9680e+03
8.5000e-01   2.8694e-04   2.9623e+03
9.0000e-01   3.0548e-04   2.9462e+03
9.5000e-01   3.2256e-04   2.9452e+03
1.0000e+00   3.4028e-04   2.9388e+03
1.0500e+00   3.5850e-04   2.9289e+03
1.1000e+00   3.7646e-04   2.9220e+03
1.1500e+00   3.9384e-04   2.9200e+03
1.2000e+00   4.1264e-04   2.9081e+03
1.2500e+00   4.3144e-04   2.8973e+03
1.3000e+00   4.5018e-04   2.8877e+03
1.3500e+00   4.6790e-04   2.8852e+03
1.4000e+00   4.8630e-04   2.8789e+03
1.4500e+00   5.0580e-04   2.8667e+03
1.5000e+00   5.2456e-04   2.8595e+03
1.5500e+00   5.4392e-04   2.8497e+03
1.6000e+00   5.6358e-04   2.8390e+03
1.6500e+00   5.8168e-04   2.8366e+03
1.7000e+00   5.9964e-04   2.8350e+03
1.7500e+00   6.1754e-04   2.8338e+03
1.8000e+00   6.3840e-04   2.8195e+03
1.8500e+00   6.5664e-04   2.8174e+03
1.9000e+00   6.7740e-04   2.8048e+03
1.9500e+00   7.0306e-04   2.7736e+03
2.0000e+00   7.2368e-04   2.7637e+03
2.0500e+00   7.4276e-04   2.7600e+03
2.1000e+00   7.6450e-04   2.7469e+03
2.1500e+00   7.8458e-04   2.7403e+03
2.2000e+00   8.1042e-04   2.7146e+03
2.2500e+00   8.3902e-04   2.6817e+03
2.3000e+00   8.5816e-04   2.6802e+03
2.3500e+00   8.7876e-04   2.6742e+03
2.4000e+00   1.4778e-04   1.6240e+04
2.4500e+00   1.5070e-04   1.6257e+04
2.5000e+00   1.6038e-04   1.5588e+04
2.5000e+00   1.5822e-04   1.5801e+04
2.4500e+00   1.4848e-04   1.6501e+04
2.4000e+00   1.4146e-04   1.6966e+04
2.3500e+00   1.3318e-04   1.7645e+04
2.3000e+00   1.2728e-04   1.8070e+04
2.2500e+00   1.1784e-04   1.9094e+04
2.2000e+00   1.1284e-04   1.9497e+04
2.1500e+00   1.0694e-04   2.0105e+04
2.1000e+00   1.0066e-04   2.0862e+04
2.0500e+00   9.4330e-05   2.1732e+04
2.0000e+00   8.9146e-05   2.2435e+04
1.9500e+00   8.4602e-05   2.3049e+04
1.9000e+00   7.9364e-05   2.3940e+04
1.8500e+00   7.4430e-05   2.4856e+04
1.8000e+00   6.9806e-05   2.5786e+04
1.7500e+00   6.5386e-05   2.6764e+04
1.7000e+00   6.1212e-05   2.7772e+04
1.6500e+00   5.7484e-05   2.8704e+04
1.6000e+00   5.3534e-05   2.9888e+04
1.5500e+00   4.9728e-05   3.1170e+04
1.5000e+00   4.6336e-05   3.2372e+04
1.4500e+00   4.3086e-05   3.3654e+04
1.4000e+00   3.9914e-05   3.5075e+04
1.3500e+00   3.6896e-05   3.6589e+04
1.3000e+00   3.4092e-05   3.8132e+04
1.2500e+00   3.1366e-05   3.9852e+04
1.2000e+00   2.8700e-05   4.1812e+04
1.1500e+00   2.6314e-05   4.3703e+04
1.1000e+00   2.4086e-05   4.5670e+04
1.0500e+00   2.1868e-05   4.8015e+04
1.0000e+00   1.9818e-05   5.0459e+04
9.5000e-01   1.7952e-05   5.2919e+04
9.0000e-01   1.6054e-05   5.6061e+04
8.5000e-01   1.4260e-05   5.9607e+04
8.0000e-01   1.2570e-05   6.3644e+04
7.5000e-01   1.1094e-05   6.7604e+04
7.0000e-01   9.7563e-06   7.1749e+04
6.5000e-01   8.4642e-06   7.6794e+04
6.0000e-01   7.2227e-06   8.3071e+04
5.5000e-01   6.1139e-06   8.9959e+04
5.0000e-01   5.1700e-06   9.6712e+04
4.5000e-01   4.2517e-06   1.0584e+05
4.0000e-01   3.3898e-06   1.1800e+05
3.5000e-01   2.6730e-06   1.3094e+05
3.0000e-01   2.0260e-06   1.4808e+05
2.5000e-01   1.5066e-06   1.6594e+05
2.0000e-01   1.0455e-06   1.9130e+05
1.5000e-01   6.8454e-07   2.1913e+05
1.0000e-01   3.9894e-07   2.5066e+05
5.0000e-02   1.7794e-07   2.8099e+05
0.0000e+00   2.8297e-10   0.0000e+00
