  Measurement Number     Measurement type
                  40                DC IV

      Measurement ID             SeriesID
       739598.647833                    5

         MeasureMode                Bias1                Bias2
                   2                   -3                    3

                Step  Positive compliance  Negative compliance
                0.05                0.001               0.0001

  RealMeasuredPoints
                 244

        Bias        Current     Resistance
0.0000e+00   -6.3120e-11   -0.0000e+00
-5.0000e-02   -3.7512e-09   1.3329e+07
-1.0000e-01   -7.9360e-09   1.2601e+07
-1.5000e-01   -1.3361e-08   1.1227e+07
-2.0000e-01   -1.9931e-08   1.0035e+07
-2.5000e-01   -2.8148e-08   8.8816e+06
-3.0000e-01   -3.8898e-08   7.7124e+06
-3.5000e-01   -5.1960e-08   6.7359e+06
-4.0000e-01   -6.5958e-08   6.0645e+06
-4.5000e-01   -8.4736e-08   5.3106e+06
-5.0000e-01   -1.0521e-07   4.7524e+06
-5.5000e-01   -1.2822e-07   4.2895e+06
-6.0000e-01   -1.5554e-07   3.8575e+06
-6.5000e-01   -1.8338e-07   3.5446e+06
-7.0000e-01   -2.2680e-07   3.0864e+06
-7.5000e-01   -2.6722e-07   2.8067e+06
-8.0000e-01   -3.0064e-07   2.6610e+06
-8.5000e-01   -3.0366e-07   2.7992e+06
-9.0000e-01   -3.4440e-07   2.6132e+06
-9.5000e-01   -3.8802e-07   2.4483e+06
-1.0000e+00   -4.3828e-07   2.2816e+06
-1.0500e+00   -4.8340e-07   2.1721e+06
-1.1000e+00   -5.3398e-07   2.0600e+06
-1.1500e+00   -5.9302e-07   1.9392e+06
-1.2000e+00   -6.5828e-07   1.8229e+06
-1.2500e+00   -7.0796e-07   1.7656e+06
-1.3000e+00   -7.7364e-07   1.6804e+06
-1.3500e+00   -8.2214e-07   1.6421e+06
-1.4000e+00   -8.8994e-07   1.5731e+06
-1.4500e+00   -9.8352e-07   1.4743e+06
-1.5000e+00   -1.0377e-06   1.4455e+06
-1.5500e+00   -1.0889e-06   1.4235e+06
-1.6000e+00   -1.1377e-06   1.4063e+06
-1.6500e+00   -1.2242e-06   1.3478e+06
-1.7000e+00   -1.2995e-06   1.3082e+06
-1.7500e+00   -1.4245e-06   1.2285e+06
-1.8000e+00   -1.5577e-06   1.1555e+06
-1.8500e+00   -1.6937e-06   1.0923e+06
-1.9000e+00   -1.8113e-06   1.0490e+06
-1.9500e+00   -1.9411e-06   1.0046e+06
-2.0000e+00   -2.0404e-06   9.8020e+05
-2.0500e+00   -2.1433e-06   9.5647e+05
-2.1000e+00   -2.3460e-06   8.9514e+05
-2.1500e+00   -2.6258e-06   8.1880e+05
-2.2000e+00   -2.6082e-06   8.4349e+05
-2.2500e+00   -2.8013e-06   8.0320e+05
-2.3000e+00   -7.8144e-05   2.9433e+04
-2.3500e+00   -8.0760e-05   2.9099e+04
-2.4000e+00   -8.1948e-05   2.9287e+04
-2.4500e+00   -8.4096e-05   2.9133e+04
-2.5000e+00   -8.6452e-05   2.8918e+04
-2.5500e+00   -8.9534e-05   2.8481e+04
-2.6000e+00   -9.1162e-05   2.8521e+04
-2.6500e+00   -9.4102e-05   2.8161e+04
-2.7000e+00   -9.3320e-05   2.8933e+04
-2.7500e+00   -1.0001e-04   2.7498e+04
-2.8000e+00   -1.0000e-04   2.7999e+04
-2.8500e+00   -1.0001e-04   2.8498e+04
-2.9000e+00   -1.0001e-04   2.8998e+04
-2.9500e+00   -1.0001e-04   2.9498e+04
-3.0000e+00   -1.0000e-04   2.9999e+04
-3.0000e+00   -1.0000e-04   2.9999e+04
-2.9500e+00   -1.0000e-04   2.9499e+04
-2.9000e+00   -1.0001e-04   2.8998e+04
-2.8500e+00   -1.0000e-04   2.8500e+04
-2.8000e+00   -9.8344e-05   2.8471e+04
-2.7500e+00   -9.9264e-05   2.7704e+04
-2.7000e+00   -9.8918e-05   2.7295e+04
-2.6500e+00   -9.6726e-05   2.7397e+04
-2.6000e+00   -9.3860e-05   2.7701e+04
-2.5500e+00   -9.3406e-05   2.7300e+04
-2.5000e+00   -9.2042e-05   2.7162e+04
-2.4500e+00   -8.9772e-05   2.7291e+04
-2.4000e+00   -8.7688e-05   2.7370e+04
-2.3500e+00   -8.5688e-05   2.7425e+04
-2.3000e+00   -8.3622e-05   2.7505e+04
-2.2500e+00   -8.1424e-05   2.7633e+04
-2.2000e+00   -7.9420e-05   2.7701e+04
-2.1500e+00   -7.7408e-05   2.7775e+04
-2.1000e+00   -7.5254e-05   2.7905e+04
-2.0500e+00   -7.3310e-05   2.7963e+04
-2.0000e+00   -7.1194e-05   2.8092e+04
-1.9500e+00   -6.9116e-05   2.8213e+04
-1.9000e+00   -6.7100e-05   2.8316e+04
-1.8500e+00   -6.5174e-05   2.8386e+04
-1.8000e+00   -6.3248e-05   2.8459e+04
-1.7500e+00   -6.1364e-05   2.8518e+04
-1.7000e+00   -5.9394e-05   2.8622e+04
-1.6500e+00   -5.7548e-05   2.8672e+04
-1.6000e+00   -5.5614e-05   2.8770e+04
-1.5500e+00   -5.3772e-05   2.8825e+04
-1.5000e+00   -5.1890e-05   2.8907e+04
-1.4500e+00   -5.0032e-05   2.8981e+04
-1.4000e+00   -4.8206e-05   2.9042e+04
-1.3500e+00   -4.6262e-05   2.9182e+04
-1.3000e+00   -4.4472e-05   2.9232e+04
-1.2500e+00   -4.2770e-05   2.9226e+04
-1.2000e+00   -4.0884e-05   2.9351e+04
-1.1500e+00   -3.9058e-05   2.9443e+04
-1.1000e+00   -3.7358e-05   2.9445e+04
-1.0500e+00   -3.5628e-05   2.9471e+04
-1.0000e+00   -3.3754e-05   2.9626e+04
-9.5000e-01   -3.1992e-05   2.9695e+04
-9.0000e-01   -3.0250e-05   2.9752e+04
-8.5000e-01   -2.8506e-05   2.9818e+04
-8.0000e-01   -2.6780e-05   2.9873e+04
-7.5000e-01   -2.5052e-05   2.9938e+04
-7.0000e-01   -2.3326e-05   3.0009e+04
-6.5000e-01   -2.1626e-05   3.0056e+04
-6.0000e-01   -1.9930e-05   3.0105e+04
-5.5000e-01   -1.8230e-05   3.0170e+04
-5.0000e-01   -1.6546e-05   3.0219e+04
-4.5000e-01   -1.4880e-05   3.0242e+04
-4.0000e-01   -1.3190e-05   3.0326e+04
-3.5000e-01   -1.1518e-05   3.0387e+04
-3.0000e-01   -9.8670e-06   3.0404e+04
-2.5000e-01   -8.2061e-06   3.0465e+04
-2.0000e-01   -6.5593e-06   3.0491e+04
-1.5000e-01   -4.9106e-06   3.0546e+04
-1.0000e-01   -3.2704e-06   3.0577e+04
-5.0000e-02   -1.6287e-06   3.0699e+04
0.0000e+00   1.0710e-08   0.0000e+00
0.0000e+00   9.2848e-09   0.0000e+00
5.0000e-02   1.6546e-06   3.0219e+04
1.0000e-01   3.2971e-06   3.0330e+04
1.5000e-01   4.9418e-06   3.0353e+04
2.0000e-01   6.5945e-06   3.0328e+04
2.5000e-01   8.2511e-06   3.0299e+04
3.0000e-01   9.9167e-06   3.0252e+04
3.5000e-01   1.1580e-05   3.0225e+04
4.0000e-01   1.3254e-05   3.0180e+04
4.5000e-01   1.4934e-05   3.0133e+04
5.0000e-01   1.6640e-05   3.0048e+04
5.5000e-01   1.8346e-05   2.9979e+04
6.0000e-01   2.0042e-05   2.9937e+04
6.5000e-01   2.1756e-05   2.9877e+04
7.0000e-01   2.3482e-05   2.9810e+04
7.5000e-01   2.5212e-05   2.9748e+04
8.0000e-01   2.6954e-05   2.9680e+04
8.5000e-01   2.8724e-05   2.9592e+04
9.0000e-01   3.0456e-05   2.9551e+04
9.5000e-01   3.2246e-05   2.9461e+04
1.0000e+00   3.3996e-05   2.9415e+04
1.0500e+00   3.5800e-05   2.9330e+04
1.1000e+00   3.7608e-05   2.9249e+04
1.1500e+00   3.9408e-05   2.9182e+04
1.2000e+00   4.1206e-05   2.9122e+04
1.2500e+00   4.3044e-05   2.9040e+04
1.3000e+00   4.4868e-05   2.8974e+04
1.3500e+00   4.6718e-05   2.8897e+04
1.4000e+00   4.8612e-05   2.8799e+04
1.4500e+00   5.0462e-05   2.8734e+04
1.5000e+00   5.2396e-05   2.8628e+04
1.5500e+00   5.4254e-05   2.8569e+04
1.6000e+00   5.6624e-05   2.8257e+04
1.6500e+00   5.8514e-05   2.8198e+04
1.7000e+00   6.0500e-05   2.8099e+04
1.7500e+00   6.2408e-05   2.8041e+04
1.8000e+00   6.4542e-05   2.7889e+04
1.8500e+00   6.6660e-05   2.7753e+04
1.9000e+00   6.8752e-05   2.7636e+04
1.9500e+00   7.1084e-05   2.7432e+04
2.0000e+00   7.2930e-05   2.7424e+04
2.0500e+00   7.4994e-05   2.7336e+04
2.1000e+00   7.6996e-05   2.7274e+04
2.1500e+00   7.9214e-05   2.7142e+04
2.2000e+00   8.1136e-05   2.7115e+04
2.2500e+00   8.3342e-05   2.6997e+04
2.3000e+00   8.5416e-05   2.6927e+04
2.3500e+00   8.6508e-05   2.7165e+04
2.4000e+00   8.9202e-05   2.6905e+04
2.4500e+00   9.0676e-05   2.7019e+04
2.5000e+00   9.2996e-05   2.6883e+04
2.5500e+00   9.5016e-05   2.6838e+04
2.6000e+00   9.2954e-05   2.7971e+04
2.6500e+00   9.4308e-05   2.8099e+04
2.7000e+00   9.7072e-05   2.7814e+04
2.7500e+00   5.5689e-06   4.9381e+05
2.8000e+00   5.8797e-06   4.7621e+05
2.8500e+00   6.2689e-06   4.5463e+05
2.9000e+00   6.7853e-06   4.2739e+05
2.9500e+00   7.6108e-06   3.8761e+05
3.0000e+00   7.7655e-06   3.8632e+05
3.0000e+00   8.6384e-06   3.4729e+05
2.9500e+00   8.5693e-06   3.4425e+05
2.9000e+00   8.1152e-06   3.5735e+05
2.8500e+00   8.1980e-06   3.4765e+05
2.8000e+00   7.8290e-06   3.5764e+05
2.7500e+00   7.6223e-06   3.6078e+05
2.7000e+00   7.2985e-06   3.6994e+05
2.6500e+00   7.0260e-06   3.7717e+05
2.6000e+00   7.0120e-06   3.7079e+05
2.5500e+00   6.8974e-06   3.6970e+05
2.5000e+00   6.2768e-06   3.9829e+05
2.4500e+00   5.9018e-06   4.1513e+05
2.4000e+00   5.5937e-06   4.2905e+05
2.3500e+00   5.2390e-06   4.4856e+05
2.3000e+00   5.1194e-06   4.4927e+05
2.2500e+00   4.7590e-06   4.7279e+05
2.2000e+00   4.3408e-06   5.0682e+05
2.1500e+00   4.1396e-06   5.1937e+05
2.1000e+00   3.9058e-06   5.3766e+05
2.0500e+00   3.7180e-06   5.5137e+05
2.0000e+00   3.4790e-06   5.7488e+05
1.9500e+00   3.2792e-06   5.9466e+05
1.9000e+00   3.0921e-06   6.1447e+05
1.8500e+00   2.8318e-06   6.5329e+05
1.8000e+00   2.6952e-06   6.6785e+05
1.7500e+00   2.5702e-06   6.8088e+05
1.7000e+00   2.3688e-06   7.1766e+05
1.6500e+00   2.1865e-06   7.5463e+05
1.6000e+00   2.0282e-06   7.8888e+05
1.5500e+00   1.9160e-06   8.0898e+05
1.5000e+00   1.7652e-06   8.4976e+05
1.4500e+00   1.6527e-06   8.7735e+05
1.4000e+00   1.5317e-06   9.1402e+05
1.3500e+00   1.4282e-06   9.4525e+05
1.3000e+00   1.3408e-06   9.6957e+05
1.2500e+00   1.2382e-06   1.0095e+06
1.2000e+00   1.1401e-06   1.0525e+06
1.1500e+00   1.0200e-06   1.1275e+06
1.1000e+00   9.1682e-07   1.1998e+06
1.0500e+00   8.2864e-07   1.2671e+06
1.0000e+00   7.4514e-07   1.3420e+06
9.5000e-01   6.4854e-07   1.4648e+06
9.0000e-01   5.8220e-07   1.5459e+06
8.5000e-01   5.2112e-07   1.6311e+06
8.0000e-01   4.5232e-07   1.7687e+06
7.5000e-01   3.9176e-07   1.9144e+06
7.0000e-01   3.3372e-07   2.0976e+06
6.5000e-01   2.8000e-07   2.3214e+06
6.0000e-01   2.3602e-07   2.5422e+06
5.5000e-01   1.9986e-07   2.7519e+06
5.0000e-01   1.6114e-07   3.1029e+06
4.5000e-01   1.3712e-07   3.2818e+06
4.0000e-01   1.0726e-07   3.7293e+06
3.5000e-01   7.5188e-08   4.6550e+06
3.0000e-01   5.8146e-08   5.1594e+06
2.5000e-01   4.4466e-08   5.6223e+06
2.0000e-01   3.1396e-08   6.3703e+06
1.5000e-01   2.0159e-08   7.4410e+06
1.0000e-01   1.1898e-08   8.4045e+06
5.0000e-02   5.5478e-09   9.0126e+06
0.0000e+00   -4.0141e-10   -0.0000e+00
