  Measurement Number     Measurement type
                  44                DC IV

      Measurement ID             SeriesID
       739598.648341                   10

         MeasureMode                Bias1                Bias2
                   2                   -3                    3

                Step  Positive compliance  Negative compliance
                0.05                0.001               0.0001

  RealMeasuredPoints
                 244

        Bias        Current     Resistance
0.0000e+00   2.3760e-11   0.0000e+00
-5.0000e-02   -5.5019e-09   9.0878e+06
-1.0000e-01   -1.2343e-08   8.1018e+06
-1.5000e-01   -2.0877e-08   7.1851e+06
-2.0000e-01   -3.1017e-08   6.4481e+06
-2.5000e-01   -4.4637e-08   5.6007e+06
-3.0000e-01   -6.0560e-08   4.9537e+06
-3.5000e-01   -7.8086e-08   4.4822e+06
-4.0000e-01   -9.5785e-08   4.1760e+06
-4.5000e-01   -1.1574e-07   3.8880e+06
-5.0000e-01   -1.4520e-07   3.4435e+06
-5.5000e-01   -1.7684e-07   3.1102e+06
-6.0000e-01   -2.0898e-07   2.8711e+06
-6.5000e-01   -2.4818e-07   2.6191e+06
-7.0000e-01   -2.9504e-07   2.3726e+06
-7.5000e-01   -3.1390e-07   2.3893e+06
-8.0000e-01   -3.6252e-07   2.2068e+06
-8.5000e-01   -4.0922e-07   2.0771e+06
-9.0000e-01   -4.9138e-07   1.8316e+06
-9.5000e-01   -5.2762e-07   1.8005e+06
-1.0000e+00   -5.3630e-07   1.8646e+06
-1.0500e+00   -5.7010e-07   1.8418e+06
-1.1000e+00   -6.2020e-07   1.7736e+06
-1.1500e+00   -6.8424e-07   1.6807e+06
-1.2000e+00   -7.7960e-07   1.5393e+06
-1.2500e+00   -7.9890e-07   1.5647e+06
-1.3000e+00   -8.7978e-07   1.4776e+06
-1.3500e+00   -9.6248e-07   1.4026e+06
-1.4000e+00   -1.0852e-06   1.2901e+06
-1.4500e+00   -1.1496e-06   1.2613e+06
-1.5000e+00   -1.2402e-06   1.2095e+06
-1.5500e+00   -1.3464e-06   1.1512e+06
-1.6000e+00   -1.4987e-06   1.0676e+06
-1.6500e+00   -1.5408e-06   1.0709e+06
-1.7000e+00   -1.5570e-06   1.0918e+06
-1.7500e+00   -1.6311e-06   1.0729e+06
-1.8000e+00   -1.8451e-06   9.7556e+05
-1.8500e+00   -1.9810e-06   9.3387e+05
-1.9000e+00   -2.0352e-06   9.3357e+05
-1.9500e+00   -2.1881e-06   8.9118e+05
-2.0000e+00   -2.1760e-06   9.1912e+05
-2.0500e+00   -2.2126e-06   9.2651e+05
-2.1000e+00   -2.3170e-06   9.0634e+05
-2.1500e+00   -2.4896e-06   8.6359e+05
-2.2000e+00   -2.5496e-06   8.6288e+05
-2.2500e+00   -2.7259e-06   8.2542e+05
-2.3000e+00   -2.8055e-06   8.1982e+05
-2.3500e+00   -8.0010e-05   2.9371e+04
-2.4000e+00   -8.3090e-05   2.8884e+04
-2.4500e+00   -8.5514e-05   2.8650e+04
-2.5000e+00   -8.8152e-05   2.8360e+04
-2.5500e+00   -8.9220e-05   2.8581e+04
-2.6000e+00   -9.0392e-05   2.8764e+04
-2.6500e+00   -9.5672e-05   2.7699e+04
-2.7000e+00   -9.6854e-05   2.7877e+04
-2.7500e+00   -9.9364e-05   2.7676e+04
-2.8000e+00   -1.0000e-04   2.7999e+04
-2.8500e+00   -1.0000e-04   2.8499e+04
-2.9000e+00   -1.0000e-04   2.8999e+04
-2.9500e+00   -1.0000e-04   2.9499e+04
-3.0000e+00   -1.0000e-04   2.9999e+04
-3.0000e+00   -1.0000e-04   2.9999e+04
-2.9500e+00   -1.0001e-04   2.9498e+04
-2.9000e+00   -1.0000e-04   2.8999e+04
-2.8500e+00   -1.0000e-04   2.8499e+04
-2.8000e+00   -1.0001e-04   2.7998e+04
-2.7500e+00   -9.8664e-05   2.7872e+04
-2.7000e+00   -9.7440e-05   2.7709e+04
-2.6500e+00   -9.5350e-05   2.7792e+04
-2.6000e+00   -9.3320e-05   2.7861e+04
-2.5500e+00   -9.1452e-05   2.7883e+04
-2.5000e+00   -8.9344e-05   2.7982e+04
-2.4500e+00   -8.7366e-05   2.8043e+04
-2.4000e+00   -8.5532e-05   2.8060e+04
-2.3500e+00   -8.3560e-05   2.8124e+04
-2.3000e+00   -8.1416e-05   2.8250e+04
-2.2500e+00   -7.8816e-05   2.8548e+04
-2.2000e+00   -7.7080e-05   2.8542e+04
-2.1500e+00   -7.5160e-05   2.8606e+04
-2.1000e+00   -7.3198e-05   2.8689e+04
-2.0500e+00   -7.1358e-05   2.8728e+04
-2.0000e+00   -6.9460e-05   2.8794e+04
-1.9500e+00   -6.7500e-05   2.8889e+04
-1.9000e+00   -6.5674e-05   2.8931e+04
-1.8500e+00   -6.3804e-05   2.8995e+04
-1.8000e+00   -6.1930e-05   2.9065e+04
-1.7500e+00   -6.0086e-05   2.9125e+04
-1.7000e+00   -5.8256e-05   2.9182e+04
-1.6500e+00   -5.6432e-05   2.9239e+04
-1.6000e+00   -5.4614e-05   2.9297e+04
-1.5500e+00   -5.2786e-05   2.9364e+04
-1.5000e+00   -5.0984e-05   2.9421e+04
-1.4500e+00   -4.9170e-05   2.9490e+04
-1.4000e+00   -4.7404e-05   2.9533e+04
-1.3500e+00   -4.5610e-05   2.9599e+04
-1.3000e+00   -4.3858e-05   2.9641e+04
-1.2500e+00   -4.2056e-05   2.9722e+04
-1.2000e+00   -4.0312e-05   2.9768e+04
-1.1500e+00   -3.8562e-05   2.9822e+04
-1.1000e+00   -3.6854e-05   2.9848e+04
-1.0500e+00   -3.5106e-05   2.9909e+04
-1.0000e+00   -3.3370e-05   2.9967e+04
-9.5000e-01   -3.1644e-05   3.0021e+04
-9.0000e-01   -2.9924e-05   3.0076e+04
-8.5000e-01   -2.8218e-05   3.0123e+04
-8.0000e-01   -2.6524e-05   3.0161e+04
-7.5000e-01   -2.4806e-05   3.0235e+04
-7.0000e-01   -2.3106e-05   3.0295e+04
-6.5000e-01   -2.1424e-05   3.0340e+04
-6.0000e-01   -1.9750e-05   3.0380e+04
-5.5000e-01   -1.8080e-05   3.0420e+04
-5.0000e-01   -1.6406e-05   3.0477e+04
-4.5000e-01   -1.4738e-05   3.0533e+04
-4.0000e-01   -1.3084e-05   3.0572e+04
-3.5000e-01   -1.1436e-05   3.0605e+04
-3.0000e-01   -9.7824e-06   3.0667e+04
-2.5000e-01   -8.1436e-06   3.0699e+04
-2.0000e-01   -6.5082e-06   3.0730e+04
-1.5000e-01   -4.8726e-06   3.0784e+04
-1.0000e-01   -3.2412e-06   3.0853e+04
-5.0000e-02   -1.6154e-06   3.0952e+04
0.0000e+00   1.0052e-08   0.0000e+00
0.0000e+00   1.0785e-08   0.0000e+00
5.0000e-02   1.6345e-06   3.0590e+04
1.0000e-01   3.2643e-06   3.0634e+04
1.5000e-01   4.8967e-06   3.0633e+04
2.0000e-01   6.5220e-06   3.0665e+04
2.5000e-01   8.1602e-06   3.0637e+04
3.0000e-01   9.8080e-06   3.0587e+04
3.5000e-01   1.1459e-05   3.0545e+04
4.0000e-01   1.3122e-05   3.0483e+04
4.5000e-01   1.4780e-05   3.0447e+04
5.0000e-01   1.6440e-05   3.0414e+04
5.5000e-01   1.8120e-05   3.0353e+04
6.0000e-01   1.9808e-05   3.0291e+04
6.5000e-01   2.1492e-05   3.0244e+04
7.0000e-01   2.3184e-05   3.0193e+04
7.5000e-01   2.4886e-05   3.0137e+04
8.0000e-01   2.6618e-05   3.0055e+04
8.5000e-01   2.8316e-05   3.0018e+04
9.0000e-01   3.0016e-05   2.9984e+04
9.5000e-01   3.1746e-05   2.9925e+04
1.0000e+00   3.3498e-05   2.9853e+04
1.0500e+00   3.5220e-05   2.9813e+04
1.1000e+00   3.6962e-05   2.9760e+04
1.1500e+00   3.8708e-05   2.9710e+04
1.2000e+00   4.0494e-05   2.9634e+04
1.2500e+00   4.2258e-05   2.9580e+04
1.3000e+00   4.4048e-05   2.9513e+04
1.3500e+00   4.5806e-05   2.9472e+04
1.4000e+00   4.7738e-05   2.9327e+04
1.4500e+00   4.9680e-05   2.9187e+04
1.5000e+00   5.1488e-05   2.9133e+04
1.5500e+00   5.3362e-05   2.9047e+04
1.6000e+00   5.5174e-05   2.8999e+04
1.6500e+00   5.6998e-05   2.8948e+04
1.7000e+00   5.8956e-05   2.8835e+04
1.7500e+00   6.0836e-05   2.8766e+04
1.8000e+00   6.1942e-05   2.9059e+04
1.8500e+00   6.4032e-05   2.8892e+04
1.9000e+00   6.5986e-05   2.8794e+04
1.9500e+00   6.6866e-05   2.9163e+04
2.0000e+00   6.8608e-05   2.9151e+04
2.0500e+00   7.1420e-05   2.8703e+04
2.1000e+00   7.2606e-05   2.8923e+04
2.1500e+00   7.4184e-05   2.8982e+04
2.2000e+00   7.6600e-05   2.8721e+04
2.2500e+00   7.7936e-05   2.8870e+04
2.3000e+00   8.2924e-05   2.7736e+04
2.3500e+00   8.5134e-05   2.7604e+04
2.4000e+00   8.8326e-05   2.7172e+04
2.4500e+00   8.9872e-05   2.7261e+04
2.5000e+00   9.2568e-05   2.7007e+04
2.5500e+00   9.4108e-05   2.7097e+04
2.6000e+00   5.2600e-06   4.9430e+05
2.6500e+00   4.6408e-06   5.7102e+05
2.7000e+00   4.9102e-06   5.4988e+05
2.7500e+00   4.9863e-06   5.5151e+05
2.8000e+00   5.6941e-06   4.9174e+05
2.8500e+00   5.4664e-06   5.2137e+05
2.9000e+00   6.0424e-06   4.7994e+05
2.9500e+00   6.7732e-06   4.3554e+05
3.0000e+00   7.2502e-06   4.1378e+05
3.0000e+00   7.7482e-06   3.8719e+05
2.9500e+00   6.9609e-06   4.2380e+05
2.9000e+00   6.8136e-06   4.2562e+05
2.8500e+00   6.5353e-06   4.3609e+05
2.8000e+00   6.0075e-06   4.6608e+05
2.7500e+00   6.5814e-06   4.1784e+05
2.7000e+00   6.1680e-06   4.3774e+05
2.6500e+00   6.0525e-06   4.3784e+05
2.6000e+00   5.8346e-06   4.4562e+05
2.5500e+00   5.3545e-06   4.7623e+05
2.5000e+00   5.1170e-06   4.8857e+05
2.4500e+00   4.8889e-06   5.0114e+05
2.4000e+00   4.6997e-06   5.1067e+05
2.3500e+00   4.1086e-06   5.7197e+05
2.3000e+00   3.8067e-06   6.0420e+05
2.2500e+00   3.6007e-06   6.2488e+05
2.2000e+00   3.3637e-06   6.5404e+05
2.1500e+00   3.2301e-06   6.6561e+05
2.1000e+00   3.0664e-06   6.8484e+05
2.0500e+00   2.8671e-06   7.1501e+05
2.0000e+00   2.7218e-06   7.3481e+05
1.9500e+00   2.5785e-06   7.5625e+05
1.9000e+00   2.4296e-06   7.8202e+05
1.8500e+00   2.2667e-06   8.1616e+05
1.8000e+00   2.1188e-06   8.4954e+05
1.7500e+00   1.9996e-06   8.7518e+05
1.7000e+00   1.8843e-06   9.0219e+05
1.6500e+00   1.7572e-06   9.3899e+05
1.6000e+00   1.6632e-06   9.6200e+05
1.5500e+00   1.5613e-06   9.9276e+05
1.5000e+00   1.4164e-06   1.0590e+06
1.4500e+00   1.3012e-06   1.1144e+06
1.4000e+00   1.2168e-06   1.1506e+06
1.3500e+00   1.1030e-06   1.2239e+06
1.3000e+00   1.0385e-06   1.2518e+06
1.2500e+00   9.9464e-07   1.2567e+06
1.2000e+00   8.7528e-07   1.3710e+06
1.1500e+00   7.9224e-07   1.4516e+06
1.1000e+00   7.4950e-07   1.4676e+06
1.0500e+00   6.8186e-07   1.5399e+06
1.0000e+00   6.1602e-07   1.6233e+06
9.5000e-01   5.5844e-07   1.7012e+06
9.0000e-01   4.8888e-07   1.8409e+06
8.5000e-01   4.4574e-07   1.9069e+06
8.0000e-01   3.8630e-07   2.0709e+06
7.5000e-01   3.4062e-07   2.2019e+06
7.0000e-01   2.9582e-07   2.3663e+06
6.5000e-01   2.4648e-07   2.6371e+06
6.0000e-01   2.1910e-07   2.7385e+06
5.5000e-01   1.7810e-07   3.0882e+06
5.0000e-01   1.5286e-07   3.2710e+06
4.5000e-01   1.2500e-07   3.6000e+06
4.0000e-01   1.0266e-07   3.8964e+06
3.5000e-01   8.2534e-08   4.2407e+06
3.0000e-01   6.3636e-08   4.7143e+06
2.5000e-01   4.7788e-08   5.2315e+06
2.0000e-01   3.4854e-08   5.7383e+06
1.5000e-01   2.2995e-08   6.5232e+06
1.0000e-01   1.3253e-08   7.5453e+06
5.0000e-02   6.0015e-09   8.3313e+06
0.0000e+00   -4.0317e-10   -0.0000e+00
