  Measurement Number     Measurement type
                   1                DC IV

      Measurement ID             SeriesID
       739429.496077                    0

         MeasureMode                Bias1                Bias2
                   2                    4                   -3

                Step  Positive compliance  Negative compliance
                 0.1               0.0001                 0.01

  RealMeasuredPoints
                 144

        Bias        Current     Resistance
0.0000e+00   1.5360e-11   0.0000e+00
1.0000e-01   8.2400e-12   1.2136e+10
2.0000e-01   3.0930e-11   6.4662e+09
3.0000e-01   2.6750e-11   1.1215e+10
4.0000e-01   1.3124e-10   3.0479e+09
5.0000e-01   2.3058e-10   2.1684e+09
6.0000e-01   3.7193e-10   1.6132e+09
7.0000e-01   5.5452e-10   1.2624e+09
8.0000e-01   1.0249e-09   7.8056e+08
9.0000e-01   1.6548e-09   5.4387e+08
1.0000e+00   2.3290e-09   4.2937e+08
1.1000e+00   3.3317e-09   3.3016e+08
1.2000e+00   4.6143e-09   2.6006e+08
1.3000e+00   6.6403e-09   1.9577e+08
1.4000e+00   1.1755e-08   1.1910e+08
1.5000e+00   1.9051e-08   7.8736e+07
1.6000e+00   3.4332e-08   4.6604e+07
1.7000e+00   1.7345e-08   9.8010e+07
1.8000e+00   2.0471e-08   8.7930e+07
1.9000e+00   1.9763e-08   9.6137e+07
2.0000e+00   1.3737e-08   1.4560e+08
2.1000e+00   1.7168e-08   1.2232e+08
2.2000e+00   1.5437e-08   1.4251e+08
2.3000e+00   2.4567e-08   9.3622e+07
2.4000e+00   3.0567e-08   7.8515e+07
2.5000e+00   4.1694e-08   5.9961e+07
2.6000e+00   9.8184e-08   2.6481e+07
2.7000e+00   1.9734e-07   1.3682e+07
2.8000e+00   4.6146e-07   6.0677e+06
2.9000e+00   2.2706e-07   1.2772e+07
3.0000e+00   2.5260e-07   1.1876e+07
3.1000e+00   3.2416e-07   9.5632e+06
3.2000e+00   3.9846e-07   8.0309e+06
3.3000e+00   8.1098e-07   4.0692e+06
3.4000e+00   4.2204e-07   8.0561e+06
3.5000e+00   1.2154e-06   2.8797e+06
3.6000e+00   1.5402e-06   2.3374e+06
3.7000e+00   1.8623e-06   1.9868e+06
3.8000e+00   2.7283e-06   1.3928e+06
3.9000e+00   3.1378e-06   1.2429e+06
4.0000e+00   4.8068e-06   8.3215e+05
4.0000e+00   5.7974e-06   6.8996e+05
3.9000e+00   5.3017e-06   7.3561e+05
3.8000e+00   4.5136e-06   8.4190e+05
3.7000e+00   3.9897e-06   9.2739e+05
3.6000e+00   2.9596e-06   1.2164e+06
3.5000e+00   2.4164e-06   1.4484e+06
3.4000e+00   1.9344e-06   1.7577e+06
3.3000e+00   1.4763e-06   2.2353e+06
3.2000e+00   1.2324e-06   2.5966e+06
3.1000e+00   9.4782e-07   3.2707e+06
3.0000e+00   8.0210e-07   3.7402e+06
2.9000e+00   6.1278e-07   4.7325e+06
2.8000e+00   5.2042e-07   5.3803e+06
2.7000e+00   4.3628e-07   6.1887e+06
2.6000e+00   3.5536e-07   7.3165e+06
2.5000e+00   2.8436e-07   8.7917e+06
2.4000e+00   2.3228e-07   1.0332e+07
2.3000e+00   1.8974e-07   1.2122e+07
2.2000e+00   1.5474e-07   1.4217e+07
2.1000e+00   1.2566e-07   1.6712e+07
2.0000e+00   9.9960e-08   2.0008e+07
1.9000e+00   8.1766e-08   2.3237e+07
1.8000e+00   6.8616e-08   2.6233e+07
1.7000e+00   5.7093e-08   2.9776e+07
1.6000e+00   4.2837e-08   3.7351e+07
1.5000e+00   3.2711e-08   4.5856e+07
1.4000e+00   2.6964e-08   5.1921e+07
1.3000e+00   2.2198e-08   5.8565e+07
1.2000e+00   1.7904e-08   6.7023e+07
1.1000e+00   1.6143e-08   6.8140e+07
1.0000e+00   1.2766e-08   7.8336e+07
9.0000e-01   9.5518e-09   9.4223e+07
8.0000e-01   7.6186e-09   1.0501e+08
7.0000e-01   5.8468e-09   1.1972e+08
6.0000e-01   3.1797e-09   1.8870e+08
5.0000e-01   2.5312e-09   1.9753e+08
4.0000e-01   1.6492e-09   2.4254e+08
3.0000e-01   7.9360e-10   3.7802e+08
2.0000e-01   6.0221e-10   3.3211e+08
1.0000e-01   2.0898e-10   4.7851e+08
0.0000e+00   -4.6000e-11   -0.0000e+00
0.0000e+00   -7.6480e-11   -0.0000e+00
-1.0000e-01   -2.4427e-10   4.0938e+08
-2.0000e-01   -5.8133e-10   3.4404e+08
-3.0000e-01   -1.0634e-09   2.8211e+08
-4.0000e-01   -1.4134e-09   2.8301e+08
-5.0000e-01   -2.0278e-09   2.4657e+08
-6.0000e-01   -3.1365e-09   1.9130e+08
-7.0000e-01   -4.2434e-09   1.6496e+08
-8.0000e-01   -5.2399e-09   1.5267e+08
-9.0000e-01   -6.9920e-09   1.2872e+08
-1.0000e+00   -7.4573e-09   1.3410e+08
-1.1000e+00   -1.1267e-08   9.7634e+07
-1.2000e+00   -1.3025e-08   9.2133e+07
-1.3000e+00   -1.8663e-08   6.9657e+07
-1.4000e+00   -2.1815e-08   6.4177e+07
-1.5000e+00   -2.7007e-08   5.5542e+07
-1.6000e+00   -2.9560e-08   5.4127e+07
-1.7000e+00   -3.8931e-08   4.3667e+07
-1.8000e+00   -4.5573e-08   3.9497e+07
-1.9000e+00   -5.6631e-08   3.3550e+07
-2.0000e+00   -7.3075e-08   2.7369e+07
-2.1000e+00   -1.0095e-07   2.0803e+07
-2.2000e+00   -1.2212e-07   1.8015e+07
-2.3000e+00   -1.3818e-07   1.6645e+07
-2.4000e+00   -1.6556e-07   1.4496e+07
-2.5000e+00   -2.2112e-07   1.1306e+07
-2.6000e+00   -2.6168e-07   9.9358e+06
-2.7000e+00   -3.3776e-07   7.9938e+06
-2.8000e+00   -4.1788e-07   6.7005e+06
-2.9000e+00   -5.3550e-07   5.4155e+06
-3.0000e+00   -8.2750e-07   3.6254e+06
-3.0000e+00   -8.5614e-07   3.5041e+06
-2.9000e+00   -6.5744e-07   4.4110e+06
-2.8000e+00   -4.7146e-07   5.9390e+06
-2.7000e+00   -3.8682e-07   6.9800e+06
-2.6000e+00   -3.2516e-07   7.9961e+06
-2.5000e+00   -2.4672e-07   1.0133e+07
-2.4000e+00   -1.9956e-07   1.2026e+07
-2.3000e+00   -1.7438e-07   1.3190e+07
-2.2000e+00   -1.4146e-07   1.5552e+07
-2.1000e+00   -1.1684e-07   1.7973e+07
-2.0000e+00   -1.0212e-07   1.9585e+07
-1.9000e+00   -9.2181e-08   2.0612e+07
-1.8000e+00   -8.1586e-08   2.2063e+07
-1.7000e+00   -6.3799e-08   2.6646e+07
-1.6000e+00   -5.4499e-08   2.9359e+07
-1.5000e+00   -4.2111e-08   3.5620e+07
-1.4000e+00   -3.5818e-08   3.9087e+07
-1.3000e+00   -3.0209e-08   4.3034e+07
-1.2000e+00   -2.4121e-08   4.9749e+07
-1.1000e+00   -1.8420e-08   5.9718e+07
-1.0000e+00   -1.5242e-08   6.5610e+07
-9.0000e-01   -1.3262e-08   6.7861e+07
-8.0000e-01   -1.0958e-08   7.3007e+07
-7.0000e-01   -8.2319e-09   8.5035e+07
-6.0000e-01   -6.3350e-09   9.4712e+07
-5.0000e-01   -4.1174e-09   1.2144e+08
-4.0000e-01   -2.9690e-09   1.3473e+08
-3.0000e-01   -2.0906e-09   1.4350e+08
-2.0000e-01   -1.2487e-09   1.6017e+08
-1.0000e-01   -6.6521e-10   1.5033e+08
0.0000e+00   -3.3490e-11   -0.0000e+00
