  Measurement Number     Measurement type
                  28                DC IV

      Measurement ID             SeriesID
       739429.497613                   96

         MeasureMode                Bias1                Bias2
                   2                    4                   -3

                Step  Positive compliance  Negative compliance
                 0.1               0.0001                 0.01

  RealMeasuredPoints
                 144

        Bias        Current     Resistance
0.0000e+00   -1.0406e-10   -0.0000e+00
1.0000e-01   2.6767e-09   3.7359e+07
2.0000e-01   5.5312e-09   3.6159e+07
3.0000e-01   9.6708e-09   3.1021e+07
4.0000e-01   1.3824e-08   2.8936e+07
5.0000e-01   2.0527e-08   2.4358e+07
6.0000e-01   2.6832e-08   2.2361e+07
7.0000e-01   3.5632e-08   1.9645e+07
8.0000e-01   4.7350e-08   1.6896e+07
9.0000e-01   6.5556e-08   1.3729e+07
1.0000e+00   8.0713e-08   1.2390e+07
1.1000e+00   9.0594e-08   1.2142e+07
1.2000e+00   1.0502e-07   1.1426e+07
1.3000e+00   1.3252e-07   9.8098e+06
1.4000e+00   1.7580e-07   7.9636e+06
1.5000e+00   1.8352e-07   8.1735e+06
1.6000e+00   2.4122e-07   6.6329e+06
1.7000e+00   2.6172e-07   6.4955e+06
1.8000e+00   3.4466e-07   5.2225e+06
1.9000e+00   4.0622e-07   4.6773e+06
2.0000e+00   5.4078e-07   3.6984e+06
2.1000e+00   7.1132e-07   2.9523e+06
2.2000e+00   7.3470e-07   2.9944e+06
2.3000e+00   9.9112e-07   2.3206e+06
2.4000e+00   1.0000e-04   2.3999e+04
2.5000e+00   1.0000e-04   2.4999e+04
2.6000e+00   1.0000e-04   2.5999e+04
2.7000e+00   1.0000e-04   2.6999e+04
2.8000e+00   1.0000e-04   2.7999e+04
2.9000e+00   1.0000e-04   2.8999e+04
3.0000e+00   1.0000e-04   2.9999e+04
3.1000e+00   1.0000e-04   3.0999e+04
3.2000e+00   1.0000e-04   3.1999e+04
3.3000e+00   1.0000e-04   3.2999e+04
3.4000e+00   1.0000e-04   3.3999e+04
3.5000e+00   1.0000e-04   3.4999e+04
3.6000e+00   1.0000e-04   3.5999e+04
3.7000e+00   1.0000e-04   3.6999e+04
3.8000e+00   1.0000e-04   3.7998e+04
3.9000e+00   1.0000e-04   3.8998e+04
4.0000e+00   1.0000e-04   3.9998e+04
4.0000e+00   1.0000e-04   3.9999e+04
3.9000e+00   1.0000e-04   3.8999e+04
3.8000e+00   1.0000e-04   3.7999e+04
3.7000e+00   1.0000e-04   3.6999e+04
3.6000e+00   1.0000e-04   3.5999e+04
3.5000e+00   1.0000e-04   3.4999e+04
3.4000e+00   1.0000e-04   3.3999e+04
3.3000e+00   1.0000e-04   3.2999e+04
3.2000e+00   1.0000e-04   3.1999e+04
3.1000e+00   1.0000e-04   3.0999e+04
3.0000e+00   1.0000e-04   2.9999e+04
2.9000e+00   1.0001e-04   2.8998e+04
2.8000e+00   1.0000e-04   2.7999e+04
2.7000e+00   1.0000e-04   2.6999e+04
2.6000e+00   1.0000e-04   2.5999e+04
2.5000e+00   1.0000e-04   2.4999e+04
2.4000e+00   1.0000e-04   2.4000e+04
2.3000e+00   1.0000e-04   2.3000e+04
2.2000e+00   1.0000e-04   2.2000e+04
2.1000e+00   1.0000e-04   2.0999e+04
2.0000e+00   1.0000e-04   1.9999e+04
1.9000e+00   1.0000e-04   1.9000e+04
1.8000e+00   1.0000e-04   1.8000e+04
1.7000e+00   1.0000e-04   1.6999e+04
1.6000e+00   1.0000e-04   1.6000e+04
1.5000e+00   1.0000e-04   1.5000e+04
1.4000e+00   1.0000e-04   1.3999e+04
1.3000e+00   1.0000e-04   1.2999e+04
1.2000e+00   1.0000e-04   1.2000e+04
1.1000e+00   1.0000e-04   1.1000e+04
1.0000e+00   1.0000e-04   9.9996e+03
9.0000e-01   7.9040e-05   1.1387e+04
8.0000e-01   4.4924e-05   1.7808e+04
7.0000e-01   2.5658e-05   2.7282e+04
6.0000e-01   1.5110e-05   3.9709e+04
5.0000e-01   8.5318e-06   5.8604e+04
4.0000e-01   4.7612e-06   8.4012e+04
3.0000e-01   2.5063e-06   1.1970e+05
2.0000e-01   1.2634e-06   1.5830e+05
1.0000e-01   4.4038e-07   2.2708e+05
0.0000e+00   -1.7348e-08   -0.0000e+00
0.0000e+00   -1.6797e-08   -0.0000e+00
-1.0000e-01   -4.7088e-07   2.1237e+05
-2.0000e-01   -1.3170e-06   1.5186e+05
-3.0000e-01   -2.5678e-06   1.1683e+05
-4.0000e-01   -4.8851e-06   8.1882e+04
-5.0000e-01   -1.0515e-05   4.7549e+04
-6.0000e-01   -1.9434e-05   3.0874e+04
-7.0000e-01   -3.6726e-05   1.9060e+04
-8.0000e-01   -6.0314e-04   1.3264e+03
-9.0000e-01   -7.7972e-04   1.1543e+03
-1.0000e+00   -9.7092e-04   1.0300e+03
-1.1000e+00   -1.2028e-03   9.1453e+02
-1.2000e+00   -1.3800e-03   8.6957e+02
-1.3000e+00   -1.5264e-03   8.5168e+02
-1.4000e+00   -1.5906e-03   8.8017e+02
-1.5000e+00   -1.7426e-04   8.6078e+03
-1.6000e+00   -3.0152e-04   5.3064e+03
-1.7000e+00   -3.0000e-04   5.6667e+03
-1.8000e+00   -1.0000e-06   1.8000e+06
-1.9000e+00   -1.1442e-06   1.6605e+06
-2.0000e+00   -1.2236e-06   1.6345e+06
-2.1000e+00   -1.4842e-06   1.4149e+06
-2.2000e+00   -1.8587e-06   1.1836e+06
-2.3000e+00   -2.3095e-06   9.9589e+05
-2.4000e+00   -2.6403e-06   9.0899e+05
-2.5000e+00   -3.2512e-06   7.6895e+05
-2.6000e+00   -3.8657e-06   6.7258e+05
-2.7000e+00   -4.0902e-06   6.6011e+05
-2.8000e+00   -1.1048e-06   2.5344e+06
-2.9000e+00   -1.3471e-06   2.1528e+06
-3.0000e+00   -1.7953e-06   1.6710e+06
-3.0000e+00   -1.7685e-06   1.6964e+06
-2.9000e+00   -1.4122e-06   2.0535e+06
-2.8000e+00   -1.1873e-06   2.3583e+06
-2.7000e+00   -9.8942e-07   2.7289e+06
-2.6000e+00   -8.4992e-07   3.0591e+06
-2.5000e+00   -7.3538e-07   3.3996e+06
-2.4000e+00   -6.2438e-07   3.8438e+06
-2.3000e+00   -5.3288e-07   4.3162e+06
-2.2000e+00   -4.5916e-07   4.7914e+06
-2.1000e+00   -3.8598e-07   5.4407e+06
-2.0000e+00   -3.3576e-07   5.9566e+06
-1.9000e+00   -2.8506e-07   6.6653e+06
-1.8000e+00   -2.4250e-07   7.4227e+06
-1.7000e+00   -2.0632e-07   8.2396e+06
-1.6000e+00   -1.7248e-07   9.2764e+06
-1.5000e+00   -1.4636e-07   1.0249e+07
-1.4000e+00   -1.2326e-07   1.1358e+07
-1.3000e+00   -1.0338e-07   1.2575e+07
-1.2000e+00   -8.5079e-08   1.4105e+07
-1.1000e+00   -7.0025e-08   1.5709e+07
-1.0000e+00   -5.6868e-08   1.7585e+07
-9.0000e-01   -4.5664e-08   1.9709e+07
-8.0000e-01   -3.6878e-08   2.1693e+07
-7.0000e-01   -2.9697e-08   2.3571e+07
-6.0000e-01   -2.3529e-08   2.5501e+07
-5.0000e-01   -1.7180e-08   2.9103e+07
-4.0000e-01   -1.2239e-08   3.2683e+07
-3.0000e-01   -8.4622e-09   3.5452e+07
-2.0000e-01   -5.0627e-09   3.9505e+07
-1.0000e-01   -2.5002e-09   3.9997e+07
0.0000e+00   -7.1100e-12   -0.0000e+00
