  Measurement Number     Measurement type
                   6                DC IV

      Measurement ID             SeriesID
       739429.496483                   96

         MeasureMode                Bias1                Bias2
                   2                    4                   -3

                Step  Positive compliance  Negative compliance
                 0.1               0.0001                 0.01

  RealMeasuredPoints
                 144

        Bias        Current     Resistance
0.0000e+00   -4.0370e-11   -0.0000e+00
1.0000e-01   2.7755e-10   3.6030e+08
2.0000e-01   7.4464e-10   2.6859e+08
3.0000e-01   1.2196e-09   2.4598e+08
4.0000e-01   1.8312e-09   2.1844e+08
5.0000e-01   2.6822e-09   1.8641e+08
6.0000e-01   3.7973e-09   1.5801e+08
7.0000e-01   5.0621e-09   1.3828e+08
8.0000e-01   6.8806e-09   1.1627e+08
9.0000e-01   9.4706e-09   9.5031e+07
1.0000e+00   1.1671e-08   8.5682e+07
1.1000e+00   1.4826e-08   7.4194e+07
1.2000e+00   1.8462e-08   6.4999e+07
1.3000e+00   2.3165e-08   5.6119e+07
1.4000e+00   2.8106e-08   4.9811e+07
1.5000e+00   3.2923e-08   4.5561e+07
1.6000e+00   4.0262e-08   3.9740e+07
1.7000e+00   5.0470e-08   3.3683e+07
1.8000e+00   6.5390e-08   2.7527e+07
1.9000e+00   7.8364e-08   2.4246e+07
2.0000e+00   9.4100e-08   2.1254e+07
2.1000e+00   1.0228e-07   2.0532e+07
2.2000e+00   1.2406e-07   1.7733e+07
2.3000e+00   1.3966e-07   1.6469e+07
2.4000e+00   1.5824e-07   1.5167e+07
2.5000e+00   1.8866e-07   1.3251e+07
2.6000e+00   2.3038e-07   1.1286e+07
2.7000e+00   2.5566e-07   1.0561e+07
2.8000e+00   3.0580e-07   9.1563e+06
2.9000e+00   3.6514e-07   7.9422e+06
3.0000e+00   4.9758e-07   6.0292e+06
3.1000e+00   5.6360e-07   5.5004e+06
3.2000e+00   6.9258e-07   4.6204e+06
3.3000e+00   8.5228e-07   3.8720e+06
3.4000e+00   1.2776e-06   2.6612e+06
3.5000e+00   1.5114e-06   2.3157e+06
3.6000e+00   1.9824e-06   1.8160e+06
3.7000e+00   2.7029e-06   1.3689e+06
3.8000e+00   1.0000e-04   3.7998e+04
3.9000e+00   1.0000e-04   3.8999e+04
4.0000e+00   1.0000e-04   3.9999e+04
4.0000e+00   1.0000e-04   3.9998e+04
3.9000e+00   1.0000e-04   3.8998e+04
3.8000e+00   1.0000e-04   3.7999e+04
3.7000e+00   1.0000e-04   3.6999e+04
3.6000e+00   1.0000e-04   3.5999e+04
3.5000e+00   1.0000e-04   3.4999e+04
3.4000e+00   1.0000e-04   3.3999e+04
3.3000e+00   1.0000e-04   3.2999e+04
3.2000e+00   1.0000e-04   3.1999e+04
3.1000e+00   1.0000e-04   3.0999e+04
3.0000e+00   1.0000e-04   2.9999e+04
2.9000e+00   1.0000e-04   2.8999e+04
2.8000e+00   1.0000e-04   2.7999e+04
2.7000e+00   1.0000e-04   2.6999e+04
2.6000e+00   1.0000e-04   2.5999e+04
2.5000e+00   1.0000e-04   2.4999e+04
2.4000e+00   1.0000e-04   2.3999e+04
2.3000e+00   1.0000e-04   2.3000e+04
2.2000e+00   1.0000e-04   2.1999e+04
2.1000e+00   1.0000e-04   2.0999e+04
2.0000e+00   1.0000e-04   2.0000e+04
1.9000e+00   1.0000e-04   1.9000e+04
1.8000e+00   1.0000e-04   1.7999e+04
1.7000e+00   1.0000e-04   1.6999e+04
1.6000e+00   1.0000e-04   1.6000e+04
1.5000e+00   1.0000e-04   1.4999e+04
1.4000e+00   1.0000e-04   1.4000e+04
1.3000e+00   1.0000e-04   1.3000e+04
1.2000e+00   1.0000e-04   1.2000e+04
1.1000e+00   1.0000e-04   1.1000e+04
1.0000e+00   1.0000e-04   9.9996e+03
9.0000e-01   1.0000e-04   8.9996e+03
8.0000e-01   1.0000e-04   7.9997e+03
7.0000e-01   1.0000e-04   6.9997e+03
6.0000e-01   1.0000e-04   5.9999e+03
5.0000e-01   1.0000e-04   4.9999e+03
4.0000e-01   1.0000e-04   3.9998e+03
3.0000e-01   1.0000e-04   2.9999e+03
2.0000e-01   1.0000e-04   1.9999e+03
1.0000e-01   1.0000e-04   9.9996e+02
0.0000e+00   -6.2658e-06   -0.0000e+00
0.0000e+00   -6.2797e-06   -0.0000e+00
-1.0000e-01   -1.4926e-04   6.6997e+02
-2.0000e-01   -2.9208e-04   6.8474e+02
-3.0000e-01   -4.3510e-04   6.8950e+02
-4.0000e-01   -5.7812e-04   6.9190e+02
-5.0000e-01   -7.2130e-04   6.9319e+02
-6.0000e-01   -8.6454e-04   6.9401e+02
-7.0000e-01   -1.0080e-03   6.9442e+02
-8.0000e-01   -1.1518e-03   6.9457e+02
-9.0000e-01   -1.2956e-03   6.9466e+02
-1.0000e+00   -1.4392e-03   6.9483e+02
-1.1000e+00   -1.5830e-03   6.9488e+02
-1.2000e+00   -1.7280e-03   6.9444e+02
-1.3000e+00   -1.8744e-03   6.9356e+02
-1.4000e+00   -2.0260e-03   6.9102e+02
-1.5000e+00   -2.1740e-03   6.8997e+02
-1.6000e+00   -2.3336e-03   6.8564e+02
-1.7000e+00   -2.4022e-03   7.0768e+02
-1.8000e+00   -2.2400e-05   8.0357e+04
-1.9000e+00   -1.4054e-05   1.3519e+05
-2.0000e+00   -1.6000e-05   1.2500e+05
-2.1000e+00   -1.6762e-05   1.2528e+05
-2.2000e+00   -2.5704e-05   8.5590e+04
-2.3000e+00   -2.6800e-05   8.5821e+04
-2.4000e+00   -2.5568e-05   9.3867e+04
-2.5000e+00   -2.9548e-05   8.4608e+04
-2.6000e+00   -2.5904e-05   1.0037e+05
-2.7000e+00   -2.7590e-05   9.7862e+04
-2.8000e+00   -3.1918e-05   8.7725e+04
-2.9000e+00   -3.2816e-05   8.8372e+04
-3.0000e+00   -3.2920e-05   9.1130e+04
-3.0000e+00   -1.4902e-05   2.0132e+05
-2.9000e+00   -1.1476e-05   2.5270e+05
-2.8000e+00   -9.9434e-06   2.8159e+05
-2.7000e+00   -9.3932e-06   2.8744e+05
-2.6000e+00   -8.5762e-06   3.0316e+05
-2.5000e+00   -7.6176e-06   3.2819e+05
-2.4000e+00   -6.1840e-06   3.8810e+05
-2.3000e+00   -5.3982e-06   4.2607e+05
-2.2000e+00   -4.6372e-06   4.7442e+05
-2.1000e+00   -3.9609e-06   5.3018e+05
-2.0000e+00   -3.3844e-06   5.9095e+05
-1.9000e+00   -2.8858e-06   6.5840e+05
-1.8000e+00   -2.5078e-06   7.1776e+05
-1.7000e+00   -2.0447e-06   8.3142e+05
-1.6000e+00   -1.7444e-06   9.1722e+05
-1.5000e+00   -1.5903e-06   9.4322e+05
-1.4000e+00   -1.3221e-06   1.0589e+06
-1.3000e+00   -1.0923e-06   1.1901e+06
-1.2000e+00   -7.3750e-07   1.6271e+06
-1.1000e+00   -6.0638e-07   1.8140e+06
-1.0000e+00   -4.8690e-07   2.0538e+06
-9.0000e-01   -3.9742e-07   2.2646e+06
-8.0000e-01   -2.9288e-07   2.7315e+06
-7.0000e-01   -2.2922e-07   3.0538e+06
-6.0000e-01   -1.6262e-07   3.6896e+06
-5.0000e-01   -1.1156e-07   4.4819e+06
-4.0000e-01   -7.3411e-08   5.4488e+06
-3.0000e-01   -3.8090e-08   7.8762e+06
-2.0000e-01   -2.5060e-08   7.9810e+06
-1.0000e-01   -8.5244e-09   1.1731e+07
0.0000e+00   -4.5867e-10   -0.0000e+00
