  Measurement Number     Measurement type
                  17                DC IV

      Measurement ID             SeriesID
       739693.758537                   82

         MeasureMode                Bias1                Bias2
                   2                    2                   -1

                Step  Positive compliance  Negative compliance
                0.05                1e-06                1e-06

  RealMeasuredPoints
                 124

        Bias        Current     Resistance
0.0000e+00   7.0200e-12   0.0000e+00
5.0000e-02   9.0300e-12   5.5371e+09
1.0000e-01   -1.2040e-11   -8.3056e+09
1.5000e-01   -2.2520e-11   -6.6607e+09
2.0000e-01   -2.2800e-12   -8.7719e+10
2.5000e-01   2.1020e-11   1.1893e+10
3.0000e-01   3.8212e-07   7.8509e+05
3.5000e-01   8.8708e-07   3.9455e+05
4.0000e-01   1.0000e-06   4.0000e+05
4.5000e-01   1.0000e-06   4.5000e+05
5.0000e-01   1.0000e-06   5.0000e+05
5.5000e-01   9.9998e-07   5.5001e+05
6.0000e-01   1.0000e-06   5.9999e+05
6.5000e-01   1.0000e-06   6.5000e+05
7.0000e-01   1.0000e-06   7.0000e+05
7.5000e-01   1.0000e-06   7.4999e+05
8.0000e-01   1.0000e-06   8.0000e+05
8.5000e-01   1.0000e-06   8.4998e+05
9.0000e-01   1.0000e-06   9.0000e+05
9.5000e-01   1.0000e-06   9.5000e+05
1.0000e+00   1.0000e-06   1.0000e+06
1.0500e+00   1.0000e-06   1.0500e+06
1.1000e+00   9.9998e-07   1.1000e+06
1.1500e+00   9.9998e-07   1.1500e+06
1.2000e+00   1.0000e-06   1.2000e+06
1.2500e+00   1.0000e-06   1.2500e+06
1.3000e+00   1.0000e-06   1.3000e+06
1.3500e+00   9.9998e-07   1.3500e+06
1.4000e+00   1.0000e-06   1.4000e+06
1.4500e+00   1.0000e-06   1.4500e+06
1.5000e+00   1.0000e-06   1.5000e+06
1.5500e+00   1.0000e-06   1.5500e+06
1.6000e+00   1.0000e-06   1.6000e+06
1.6500e+00   1.0000e-06   1.6500e+06
1.7000e+00   1.0000e-06   1.7000e+06
1.7500e+00   1.0000e-06   1.7500e+06
1.8000e+00   1.0000e-06   1.8000e+06
1.8500e+00   1.0000e-06   1.8500e+06
1.9000e+00   1.0000e-06   1.9000e+06
1.9500e+00   1.0000e-06   1.9500e+06
2.0000e+00   9.9998e-07   2.0000e+06
2.0000e+00   1.0000e-06   2.0000e+06
1.9500e+00   9.9998e-07   1.9500e+06
1.9000e+00   9.9998e-07   1.9000e+06
1.8500e+00   1.0000e-06   1.8500e+06
1.8000e+00   9.9998e-07   1.8000e+06
1.7500e+00   9.9998e-07   1.7500e+06
1.7000e+00   1.0000e-06   1.7000e+06
1.6500e+00   9.9998e-07   1.6500e+06
1.6000e+00   9.9998e-07   1.6000e+06
1.5500e+00   1.0000e-06   1.5500e+06
1.5000e+00   1.0000e-06   1.5000e+06
1.4500e+00   9.9998e-07   1.4500e+06
1.4000e+00   1.0000e-06   1.4000e+06
1.3500e+00   1.0000e-06   1.3500e+06
1.3000e+00   1.0000e-06   1.3000e+06
1.2500e+00   1.0000e-06   1.2500e+06
1.2000e+00   1.0000e-06   1.2000e+06
1.1500e+00   1.0000e-06   1.1500e+06
1.1000e+00   1.0000e-06   1.1000e+06
1.0500e+00   1.0000e-06   1.0500e+06
1.0000e+00   1.0000e-06   1.0000e+06
9.5000e-01   1.0000e-06   9.5000e+05
9.0000e-01   9.9998e-07   9.0002e+05
8.5000e-01   1.0000e-06   8.5000e+05
8.0000e-01   9.9998e-07   8.0002e+05
7.5000e-01   9.9998e-07   7.5002e+05
7.0000e-01   1.0000e-06   7.0000e+05
6.5000e-01   9.9998e-07   6.5001e+05
6.0000e-01   1.0000e-06   6.0000e+05
5.5000e-01   1.0000e-06   5.5000e+05
5.0000e-01   1.0000e-06   5.0000e+05
4.5000e-01   1.0000e-06   4.5000e+05
4.0000e-01   1.0000e-06   4.0000e+05
3.5000e-01   1.0000e-06   3.5000e+05
3.0000e-01   1.0000e-06   3.0000e+05
2.5000e-01   9.9998e-07   2.5001e+05
2.0000e-01   1.0000e-06   1.9999e+05
1.5000e-01   9.9998e-07   1.5000e+05
1.0000e-01   1.0000e-06   1.0000e+05
5.0000e-02   8.7758e-07   5.6975e+04
0.0000e+00   9.7630e-10   0.0000e+00
0.0000e+00   2.0837e-10   0.0000e+00
-5.0000e-02   -6.1993e-08   8.0655e+05
-1.0000e-01   -6.7512e-08   1.4812e+06
-1.5000e-01   -2.8945e-08   5.1822e+06
-2.0000e-01   4.9300e-12   -4.0568e+10
-2.5000e-01   1.1400e-11   -2.1930e+10
-3.0000e-01   -9.9998e-07   3.0001e+05
-3.5000e-01   -9.9998e-07   3.5001e+05
-4.0000e-01   -1.0000e-06   4.0000e+05
-4.5000e-01   -1.0000e-06   4.5000e+05
-5.0000e-01   -9.9998e-07   5.0001e+05
-5.5000e-01   -9.9998e-07   5.5001e+05
-6.0000e-01   -9.9998e-07   6.0001e+05
-6.5000e-01   -9.9998e-07   6.5001e+05
-7.0000e-01   -9.9998e-07   7.0001e+05
-7.5000e-01   -9.9998e-07   7.5002e+05
-8.0000e-01   -1.0000e-06   8.0000e+05
-8.5000e-01   -1.0000e-06   8.5000e+05
-9.0000e-01   -9.9998e-07   9.0002e+05
-9.5000e-01   -9.9998e-07   9.5002e+05
-1.0000e+00   -9.9998e-07   1.0000e+06
-1.0000e+00   -9.9998e-07   1.0000e+06
-9.5000e-01   -1.0000e-06   9.5000e+05
-9.0000e-01   -9.9998e-07   9.0002e+05
-8.5000e-01   -1.0000e-06   8.5000e+05
-8.0000e-01   -9.9998e-07   8.0002e+05
-7.5000e-01   -9.9998e-07   7.5002e+05
-7.0000e-01   -1.0000e-06   7.0000e+05
-6.5000e-01   -9.9998e-07   6.5001e+05
-6.0000e-01   -9.9998e-07   6.0001e+05
-5.5000e-01   -9.9998e-07   5.5001e+05
-5.0000e-01   -1.0000e-06   5.0000e+05
-4.5000e-01   -9.9998e-07   4.5001e+05
-4.0000e-01   -1.0000e-06   4.0000e+05
-3.5000e-01   -9.9998e-07   3.5001e+05
-3.0000e-01   -9.9998e-07   3.0001e+05
-2.5000e-01   -1.0000e-06   2.5000e+05
-2.0000e-01   -9.9998e-07   2.0000e+05
-1.5000e-01   -1.0000e-06   1.5000e+05
-1.0000e-01   -1.0000e-06   1.0000e+05
-5.0000e-02   -9.9998e-07   5.0001e+04
0.0000e+00   -4.2250e-07   -0.0000e+00
