  Measurement Number     Measurement type
                  30                DC IV

      Measurement ID             SeriesID
       739693.759208                    0

         MeasureMode                Bias1                Bias2
                   2                    2                   -1

                Step  Positive compliance  Negative compliance
                0.05                1e-06                1e-06

  RealMeasuredPoints
                 124

        Bias        Current     Resistance
0.0000e+00   -1.6590e-11   -0.0000e+00
5.0000e-02   -9.1500e-12   -5.4645e+09
1.0000e-01   1.6060e-11   6.2267e+09
1.5000e-01   -1.1040e-11   -1.3587e+10
2.0000e-01   1.6820e-11   1.1891e+10
2.5000e-01   1.2736e-08   1.9629e+07
3.0000e-01   1.6930e-07   1.7720e+06
3.5000e-01   5.7386e-07   6.0990e+05
4.0000e-01   7.7318e-07   5.1734e+05
4.5000e-01   1.0000e-06   4.4999e+05
5.0000e-01   1.0000e-06   5.0000e+05
5.5000e-01   1.0000e-06   5.5000e+05
6.0000e-01   1.0000e-06   6.0000e+05
6.5000e-01   1.0000e-06   6.5000e+05
7.0000e-01   1.0000e-06   7.0000e+05
7.5000e-01   1.0000e-06   7.5000e+05
8.0000e-01   9.9998e-07   8.0002e+05
8.5000e-01   1.0000e-06   8.4998e+05
9.0000e-01   1.0000e-06   9.0000e+05
9.5000e-01   1.0000e-06   9.4998e+05
1.0000e+00   1.0000e-06   1.0000e+06
1.0500e+00   1.0000e-06   1.0500e+06
1.1000e+00   1.0000e-06   1.1000e+06
1.1500e+00   1.0000e-06   1.1500e+06
1.2000e+00   1.0000e-06   1.2000e+06
1.2500e+00   9.9998e-07   1.2500e+06
1.3000e+00   1.0000e-06   1.3000e+06
1.3500e+00   1.0000e-06   1.3500e+06
1.4000e+00   1.0000e-06   1.4000e+06
1.4500e+00   1.0000e-06   1.4500e+06
1.5000e+00   1.0000e-06   1.5000e+06
1.5500e+00   1.0000e-06   1.5500e+06
1.6000e+00   1.0000e-06   1.6000e+06
1.6500e+00   1.0000e-06   1.6500e+06
1.7000e+00   1.0000e-06   1.7000e+06
1.7500e+00   1.0000e-06   1.7500e+06
1.8000e+00   1.0000e-06   1.8000e+06
1.8500e+00   1.0000e-06   1.8500e+06
1.9000e+00   1.0000e-06   1.8999e+06
1.9500e+00   1.0000e-06   1.9500e+06
2.0000e+00   1.0000e-06   2.0000e+06
2.0000e+00   1.0000e-06   2.0000e+06
1.9500e+00   9.9998e-07   1.9500e+06
1.9000e+00   1.0000e-06   1.9000e+06
1.8500e+00   1.0000e-06   1.8500e+06
1.8000e+00   1.0000e-06   1.8000e+06
1.7500e+00   1.0000e-06   1.7500e+06
1.7000e+00   1.0000e-06   1.7000e+06
1.6500e+00   1.0000e-06   1.6500e+06
1.6000e+00   1.0000e-06   1.6000e+06
1.5500e+00   1.0000e-06   1.5500e+06
1.5000e+00   1.0000e-06   1.5000e+06
1.4500e+00   1.0000e-06   1.4500e+06
1.4000e+00   1.0000e-06   1.4000e+06
1.3500e+00   1.0000e-06   1.3500e+06
1.3000e+00   1.0000e-06   1.3000e+06
1.2500e+00   1.0000e-06   1.2500e+06
1.2000e+00   1.0000e-06   1.2000e+06
1.1500e+00   1.0000e-06   1.1500e+06
1.1000e+00   1.0000e-06   1.1000e+06
1.0500e+00   1.0000e-06   1.0500e+06
1.0000e+00   1.0000e-06   1.0000e+06
9.5000e-01   1.0000e-06   9.5000e+05
9.0000e-01   1.0000e-06   9.0000e+05
8.5000e-01   9.9998e-07   8.5002e+05
8.0000e-01   9.9998e-07   8.0002e+05
7.5000e-01   9.9998e-07   7.5002e+05
7.0000e-01   1.0000e-06   7.0000e+05
6.5000e-01   1.0000e-06   6.5000e+05
6.0000e-01   1.0000e-06   6.0000e+05
5.5000e-01   9.9998e-07   5.5001e+05
5.0000e-01   1.0000e-06   5.0000e+05
4.5000e-01   1.0000e-06   4.5000e+05
4.0000e-01   1.0000e-06   4.0000e+05
3.5000e-01   1.0000e-06   3.4999e+05
3.0000e-01   1.0000e-06   3.0000e+05
2.5000e-01   1.0000e-06   2.5000e+05
2.0000e-01   1.0000e-06   2.0000e+05
1.5000e-01   1.0000e-06   1.5000e+05
1.0000e-01   1.0000e-06   1.0000e+05
5.0000e-02   4.9088e-07   1.0186e+05
0.0000e+00   2.0995e-10   0.0000e+00
0.0000e+00   1.0495e-10   0.0000e+00
-5.0000e-02   -4.4076e-08   1.1344e+06
-1.0000e-01   -1.1360e-07   8.8028e+05
-1.5000e-01   -2.0260e-07   7.4038e+05
-2.0000e-01   -2.7598e-07   7.2469e+05
-2.5000e-01   -6.4280e-08   3.8892e+06
-3.0000e-01   4.1700e-12   -7.1942e+10
-3.5000e-01   -1.0000e-06   3.4999e+05
-4.0000e-01   -9.9998e-07   4.0001e+05
-4.5000e-01   -9.9998e-07   4.5001e+05
-5.0000e-01   -9.9998e-07   5.0001e+05
-5.5000e-01   -9.9998e-07   5.5001e+05
-6.0000e-01   -1.0000e-06   6.0000e+05
-6.5000e-01   -9.9998e-07   6.5001e+05
-7.0000e-01   -1.0000e-06   6.9999e+05
-7.5000e-01   -1.0000e-06   7.5000e+05
-8.0000e-01   -1.0000e-06   7.9998e+05
-8.5000e-01   -9.9998e-07   8.5002e+05
-9.0000e-01   -9.9998e-07   9.0002e+05
-9.5000e-01   -9.9998e-07   9.5002e+05
-1.0000e+00   -9.9998e-07   1.0000e+06
-1.0000e+00   -1.0000e-06   1.0000e+06
-9.5000e-01   -1.0000e-06   9.5000e+05
-9.0000e-01   -9.9998e-07   9.0002e+05
-8.5000e-01   -1.0000e-06   8.5000e+05
-8.0000e-01   -9.9998e-07   8.0002e+05
-7.5000e-01   -9.9998e-07   7.5002e+05
-7.0000e-01   -1.0000e-06   7.0000e+05
-6.5000e-01   -1.0000e-06   6.4999e+05
-6.0000e-01   -9.9998e-07   6.0001e+05
-5.5000e-01   -1.0000e-06   5.5000e+05
-5.0000e-01   -9.9998e-07   5.0001e+05
-4.5000e-01   -9.9998e-07   4.5001e+05
-4.0000e-01   -9.9996e-07   4.0002e+05
-3.5000e-01   -1.0000e-06   3.5000e+05
-3.0000e-01   -9.9998e-07   3.0001e+05
-2.5000e-01   -9.9998e-07   2.5001e+05
-2.0000e-01   -9.9998e-07   2.0000e+05
-1.5000e-01   -1.0000e-06   1.5000e+05
-1.0000e-01   -9.9998e-07   1.0000e+05
-5.0000e-02   -1.0000e-06   5.0000e+04
0.0000e+00   -3.4816e-07   -0.0000e+00
