  Measurement Number     Measurement type
                  26                DC IV

      Measurement ID             SeriesID
       739668.776907                   10

         MeasureMode                Bias1                Bias2
                   2                    2                   -1

                Step  Positive compliance  Negative compliance
                0.05                1e-05                1e-05

  RealMeasuredPoints
                 124

        Bias        Current     Resistance
0.0000e+00   -4.2800e-12   -0.0000e+00
5.0000e-02   1.9400e-12   2.5773e+10
1.0000e-01   1.2510e-11   7.9936e+09
1.5000e-01   1.5470e-11   9.6962e+09
2.0000e-01   8.0100e-12   2.4969e+10
2.5000e-01   2.1130e-11   1.1832e+10
3.0000e-01   1.9780e-11   1.5167e+10
3.5000e-01   1.5900e-11   2.2013e+10
4.0000e-01   1.3270e-11   3.0143e+10
4.5000e-01   9.7200e-12   4.6296e+10
5.0000e-01   2.3180e-11   2.1570e+10
5.5000e-01   2.3000e-11   2.3913e+10
6.0000e-01   1.5480e-11   3.8760e+10
6.5000e-01   1.2700e-11   5.1181e+10
7.0000e-01   2.0850e-11   3.3573e+10
7.5000e-01   3.4290e-11   2.1872e+10
8.0000e-01   2.5330e-11   3.1583e+10
8.5000e-01   2.0590e-11   4.1282e+10
9.0000e-01   8.2440e-11   1.0917e+10
9.5000e-01   1.2069e-10   7.8714e+09
1.0000e+00   1.2693e-10   7.8784e+09
1.0500e+00   1.4928e-10   7.0338e+09
1.1000e+00   1.7800e-10   6.1798e+09
1.1500e+00   2.3802e-10   4.8315e+09
1.2000e+00   2.6416e-10   4.5427e+09
1.2500e+00   3.0505e-10   4.0977e+09
1.3000e+00   1.3843e-09   9.3910e+08
1.3500e+00   2.1749e-08   6.2072e+07
1.4000e+00   1.8534e-07   7.5537e+06
1.4500e+00   9.9997e-06   1.4500e+05
1.5000e+00   9.9999e-06   1.5000e+05
1.5500e+00   9.9997e-06   1.5500e+05
1.6000e+00   9.9999e-06   1.6000e+05
1.6500e+00   9.9997e-06   1.6500e+05
1.7000e+00   1.0000e-05   1.7000e+05
1.7500e+00   9.9990e-06   1.7502e+05
1.8000e+00   9.9989e-06   1.8002e+05
1.8500e+00   1.0001e-05   1.8499e+05
1.9000e+00   1.0000e-05   1.9000e+05
1.9500e+00   1.0000e-05   1.9500e+05
2.0000e+00   1.0000e-05   2.0000e+05
2.0000e+00   9.9998e-06   2.0000e+05
1.9500e+00   9.9999e-06   1.9500e+05
1.9000e+00   1.0000e-05   1.9000e+05
1.8500e+00   9.9999e-06   1.8500e+05
1.8000e+00   9.9996e-06   1.8001e+05
1.7500e+00   9.9996e-06   1.7501e+05
1.7000e+00   1.0000e-05   1.7000e+05
1.6500e+00   9.9998e-06   1.6500e+05
1.6000e+00   9.9999e-06   1.6000e+05
1.5500e+00   1.0000e-05   1.5500e+05
1.5000e+00   9.9996e-06   1.5001e+05
1.4500e+00   9.9987e-06   1.4502e+05
1.4000e+00   1.0000e-05   1.4000e+05
1.3500e+00   1.0000e-05   1.3500e+05
1.3000e+00   1.0000e-05   1.3000e+05
1.2500e+00   1.0000e-05   1.2500e+05
1.2000e+00   1.0000e-05   1.2000e+05
1.1500e+00   9.9999e-06   1.1500e+05
1.1000e+00   9.9999e-06   1.1000e+05
1.0500e+00   1.0000e-05   1.0500e+05
1.0000e+00   9.9995e-06   1.0001e+05
9.5000e-01   1.0000e-05   9.4998e+04
9.0000e-01   1.0000e-05   8.9997e+04
8.5000e-01   9.9998e-06   8.5002e+04
8.0000e-01   9.6686e-06   8.2742e+04
7.5000e-01   8.9486e-06   8.3812e+04
7.0000e-01   8.1111e-06   8.6301e+04
6.5000e-01   7.3967e-06   8.7877e+04
6.0000e-01   6.7312e-06   8.9137e+04
5.5000e-01   5.9622e-06   9.2248e+04
5.0000e-01   5.3037e-06   9.4274e+04
4.5000e-01   4.8330e-06   9.3110e+04
4.0000e-01   4.2114e-06   9.4980e+04
3.5000e-01   3.5694e-06   9.8056e+04
3.0000e-01   3.0486e-06   9.8406e+04
2.5000e-01   2.4908e-06   1.0037e+05
2.0000e-01   1.9525e-06   1.0243e+05
1.5000e-01   1.4245e-06   1.0530e+05
1.0000e-01   8.5576e-07   1.1686e+05
5.0000e-02   4.1552e-07   1.2033e+05
0.0000e+00   -3.8800e-11   -0.0000e+00
0.0000e+00   -5.3800e-12   -0.0000e+00
-5.0000e-02   -1.2800e-12   3.9062e+10
-1.0000e-01   -5.7400e-12   1.7422e+10
-1.5000e-01   -1.6780e-11   8.9392e+09
-2.0000e-01   -1.6780e-11   1.1919e+10
-2.5000e-01   -1.1680e-11   2.1404e+10
-3.0000e-01   -7.1000e-13   4.2254e+11
-3.5000e-01   -1.6500e-12   2.1212e+11
-4.0000e-01   -9.7800e-12   4.0900e+10
-4.5000e-01   -2.1340e-11   2.1087e+10
-5.0000e-01   -1.8270e-11   2.7367e+10
-5.5000e-01   -1.4250e-11   3.8596e+10
-6.0000e-01   -2.9330e-11   2.0457e+10
-6.5000e-01   -2.7920e-11   2.3281e+10
-7.0000e-01   -3.3290e-11   2.1027e+10
-7.5000e-01   -2.9630e-11   2.5312e+10
-8.0000e-01   -2.9190e-11   2.7407e+10
-8.5000e-01   -3.5830e-11   2.3723e+10
-9.0000e-01   -4.5160e-11   1.9929e+10
-9.5000e-01   -5.0540e-11   1.8797e+10
-1.0000e+00   -4.2360e-11   2.3607e+10
-1.0000e+00   -5.0630e-11   1.9751e+10
-9.5000e-01   -3.3830e-11   2.8082e+10
-9.0000e-01   -1.9880e-11   4.5272e+10
-8.5000e-01   -1.1260e-11   7.5488e+10
-8.0000e-01   -6.3700e-12   1.2559e+11
-7.5000e-01   -1.0070e-11   7.4479e+10
-7.0000e-01   1.0900e-12   -6.4220e+11
-6.5000e-01   2.4800e-12   -2.6210e+11
-6.0000e-01   9.1000e-12   -6.5934e+10
-5.5000e-01   3.2000e-13   -1.7187e+12
-5.0000e-01   -2.1600e-12   2.3148e+11
-4.5000e-01   1.0360e-11   -4.3436e+10
-4.0000e-01   -5.9000e-13   6.7797e+11
-3.5000e-01   1.3160e-11   -2.6596e+10
-3.0000e-01   1.1280e-11   -2.6596e+10
-2.5000e-01   2.8200e-12   -8.8652e+10
-2.0000e-01   1.4240e-11   -1.4045e+10
-1.5000e-01   1.7080e-11   -8.7822e+09
-1.0000e-01   1.6760e-11   -5.9666e+09
-5.0000e-02   1.1970e-11   -4.1771e+09
0.0000e+00   3.8600e-12   0.0000e+00
