  Measurement Number     Measurement type
                 104                DC IV

      Measurement ID             SeriesID
       739603.557482                   92

         MeasureMode                Bias1                Bias2
                   2                   -1                  1.6

                Step  Positive compliance  Negative compliance
                0.02                  0.1                1e-06

  RealMeasuredPoints
                 264

        Bias        Current     Resistance
0.0000e+00   -2.2000e-12   -0.0000e+00
-2.0000e-02   -3.3556e-10   5.9602e+07
-4.0000e-02   -6.5473e-10   6.1094e+07
-6.0000e-02   -1.0711e-09   5.6017e+07
-8.0000e-02   -1.4543e-09   5.5009e+07
-1.0000e-01   -1.8273e-09   5.4726e+07
-1.2000e-01   -2.3144e-09   5.1849e+07
-1.4000e-01   -2.5708e-09   5.4458e+07
-1.6000e-01   -2.9416e-09   5.4392e+07
-1.8000e-01   -3.5409e-09   5.0835e+07
-2.0000e-01   -4.1805e-09   4.7841e+07
-2.2000e-01   -4.7693e-09   4.6128e+07
-2.4000e-01   -5.1848e-09   4.6289e+07
-2.6000e-01   -5.7950e-09   4.4866e+07
-2.8000e-01   -6.5873e-09   4.2506e+07
-3.0000e-01   -7.2929e-09   4.1136e+07
-3.2000e-01   -7.5786e-09   4.2224e+07
-3.4000e-01   -8.9196e-09   3.8118e+07
-3.6000e-01   -9.4625e-09   3.8045e+07
-3.8000e-01   -1.0409e-08   3.6507e+07
-4.0000e-01   -1.1154e-08   3.5863e+07
-4.2000e-01   -1.2364e-08   3.3969e+07
-4.4000e-01   -1.3307e-08   3.3065e+07
-4.6000e-01   -1.4279e-08   3.2215e+07
-4.8000e-01   -1.5059e-08   3.1874e+07
-5.0000e-01   -1.6089e-08   3.1077e+07
-5.2000e-01   -1.6819e-08   3.0918e+07
-5.4000e-01   -1.8737e-08   2.8820e+07
-5.6000e-01   -1.9386e-08   2.8887e+07
-5.8000e-01   -2.0498e-08   2.8295e+07
-6.0000e-01   -2.1893e-08   2.7406e+07
-6.2000e-01   -9.9994e-07   6.2004e+05
-6.4000e-01   -1.0001e-06   6.3995e+05
-6.6000e-01   -1.0000e-06   6.5999e+05
-6.8000e-01   -1.0000e-06   6.7999e+05
-7.0000e-01   -1.0000e-06   6.9997e+05
-7.2000e-01   -1.0000e-06   7.1999e+05
-7.4000e-01   -9.9994e-07   7.4004e+05
-7.6000e-01   -1.0000e-06   7.6000e+05
-7.8000e-01   -1.0000e-06   7.7998e+05
-8.0000e-01   -1.0000e-06   8.0000e+05
-8.2000e-01   -1.0000e-06   8.1998e+05
-8.4000e-01   -1.0000e-06   8.3997e+05
-8.6000e-01   -1.0000e-06   8.5998e+05
-8.8000e-01   -1.0000e-06   8.7998e+05
-9.0000e-01   -1.0000e-06   8.9996e+05
-9.2000e-01   -1.0000e-06   9.1998e+05
-9.4000e-01   -1.0000e-06   9.3998e+05
-9.6000e-01   -1.0000e-06   9.5998e+05
-9.8000e-01   -1.0000e-06   9.7998e+05
-1.0000e+00   -1.0000e-06   9.9996e+05
-1.0000e+00   -1.0000e-06   9.9996e+05
-9.8000e-01   -1.0000e-06   9.7996e+05
-9.6000e-01   -1.0000e-06   9.5996e+05
-9.4000e-01   -1.0000e-06   9.3996e+05
-9.2000e-01   -1.0000e-06   9.1998e+05
-9.0000e-01   -1.0000e-06   8.9998e+05
-8.8000e-01   -1.0000e-06   8.7998e+05
-8.6000e-01   -1.0000e-06   8.5997e+05
-8.4000e-01   -1.0000e-06   8.3998e+05
-8.2000e-01   -1.0000e-06   8.1998e+05
-8.0000e-01   -1.0000e-06   7.9997e+05
-7.8000e-01   -1.0000e-06   7.7998e+05
-7.6000e-01   -1.0001e-06   7.5994e+05
-7.4000e-01   -1.0001e-06   7.3994e+05
-7.2000e-01   -1.0000e-06   7.1999e+05
-7.0000e-01   -1.0000e-06   6.9999e+05
-6.8000e-01   -1.0000e-06   6.8000e+05
-6.6000e-01   -1.0000e-06   6.5999e+05
-6.4000e-01   -1.0000e-06   6.3999e+05
-6.2000e-01   -1.0000e-06   6.1999e+05
-6.0000e-01   -1.0000e-06   5.9999e+05
-5.8000e-01   -1.0000e-06   5.8000e+05
-5.6000e-01   -1.0000e-06   5.6000e+05
-5.4000e-01   -1.0000e-06   5.3999e+05
-5.2000e-01   -1.0000e-06   5.1998e+05
-5.0000e-01   -1.0000e-06   4.9998e+05
-4.8000e-01   -9.9996e-07   4.8002e+05
-4.6000e-01   -1.0000e-06   4.5999e+05
-4.4000e-01   -1.0000e-06   4.3999e+05
-4.2000e-01   -1.0000e-06   4.1999e+05
-4.0000e-01   -1.0000e-06   3.9999e+05
-3.8000e-01   -1.0000e-06   3.8000e+05
-3.6000e-01   -1.0000e-06   3.5999e+05
-3.4000e-01   -1.0001e-06   3.3997e+05
-3.2000e-01   -1.0000e-06   3.1999e+05
-3.0000e-01   -1.0000e-06   3.0000e+05
-2.8000e-01   -1.0000e-06   2.8000e+05
-2.6000e-01   -1.0000e-06   2.5999e+05
-2.4000e-01   -1.0000e-06   2.4000e+05
-2.2000e-01   -1.0000e-06   2.1999e+05
-2.0000e-01   -9.7954e-07   2.0418e+05
-1.8000e-01   -4.3962e-09   4.0944e+07
-1.6000e-01   -3.1210e-09   5.1266e+07
-1.4000e-01   -2.6697e-09   5.2440e+07
-1.2000e-01   -2.1612e-09   5.5525e+07
-1.0000e-01   -1.7782e-09   5.6237e+07
-8.0000e-02   -1.3146e-09   6.0855e+07
-6.0000e-02   -9.7029e-10   6.1837e+07
-4.0000e-02   -5.7661e-10   6.9371e+07
-2.0000e-02   -2.3592e-10   8.4774e+07
0.0000e+00   1.0590e-10   0.0000e+00
0.0000e+00   2.4200e-11   0.0000e+00
2.0000e-02   3.8844e-10   5.1488e+07
4.0000e-02   7.5027e-10   5.3314e+07
6.0000e-02   1.1315e-09   5.3027e+07
8.0000e-02   1.5962e-09   5.0119e+07
1.0000e-01   1.9922e-09   5.0196e+07
1.2000e-01   2.3541e-09   5.0975e+07
1.4000e-01   2.8364e-09   4.9358e+07
1.6000e-01   3.2036e-09   4.9944e+07
1.8000e-01   3.8127e-09   4.7211e+07
2.0000e-01   4.2536e-09   4.7019e+07
2.2000e-01   4.5159e-09   4.8717e+07
2.4000e-01   5.7954e-09   4.1412e+07
2.6000e-01   6.4216e-09   4.0488e+07
2.8000e-01   7.3229e-09   3.8236e+07
3.0000e-01   7.8864e-09   3.8040e+07
3.2000e-01   8.4534e-09   3.7855e+07
3.4000e-01   9.0359e-09   3.7628e+07
3.6000e-01   9.8781e-09   3.6444e+07
3.8000e-01   1.0521e-08   3.6119e+07
4.0000e-01   1.1902e-08   3.3609e+07
4.2000e-01   1.2413e-08   3.3835e+07
4.4000e-01   1.3545e-08   3.2485e+07
4.6000e-01   1.4256e-08   3.2267e+07
4.8000e-01   1.5108e-08   3.1772e+07
5.0000e-01   1.6007e-08   3.1237e+07
5.2000e-01   1.7400e-08   2.9885e+07
5.4000e-01   1.8041e-08   2.9932e+07
5.6000e-01   1.8937e-08   2.9571e+07
5.8000e-01   2.0669e-08   2.8062e+07
6.0000e-01   2.1688e-08   2.7666e+07
6.2000e-01   2.2670e-08   2.7349e+07
6.4000e-01   2.4910e-08   2.5693e+07
6.6000e-01   2.5622e-08   2.5759e+07
6.8000e-01   2.7077e-08   2.5114e+07
7.0000e-01   2.8805e-08   2.4302e+07
7.2000e-01   3.0855e-08   2.3335e+07
7.4000e-01   3.1597e-08   2.3420e+07
7.6000e-01   3.2800e-08   2.3171e+07
7.8000e-01   3.4571e-08   2.2562e+07
8.0000e-01   3.6029e-08   2.2205e+07
8.2000e-01   3.8401e-08   2.1353e+07
8.4000e-01   3.8662e-08   2.1727e+07
8.6000e-01   4.1098e-08   2.0926e+07
8.8000e-01   4.1840e-08   2.1033e+07
9.0000e-01   4.3777e-08   2.0559e+07
9.2000e-01   4.5838e-08   2.0071e+07
9.4000e-01   4.7334e-08   1.9859e+07
9.6000e-01   5.0101e-08   1.9161e+07
9.8000e-01   5.2964e-08   1.8503e+07
1.0000e+00   5.5253e-08   1.8098e+07
1.0200e+00   5.7529e-08   1.7730e+07
1.0400e+00   6.1362e-08   1.6949e+07
1.0600e+00   6.4064e-08   1.6546e+07
1.0800e+00   6.5397e-08   1.6515e+07
1.1000e+00   6.6538e-08   1.6532e+07
1.1200e+00   6.9776e-08   1.6051e+07
1.1400e+00   7.2047e-08   1.5823e+07
1.1600e+00   7.4832e-08   1.5501e+07
1.1800e+00   7.3825e-08   1.5984e+07
1.2000e+00   7.4386e-08   1.6132e+07
1.2200e+00   7.7795e-08   1.5682e+07
1.2400e+00   7.9931e-08   1.5513e+07
1.2600e+00   8.6113e-08   1.4632e+07
1.2800e+00   8.7907e-08   1.4561e+07
1.3000e+00   8.9064e-08   1.4596e+07
1.3200e+00   9.5209e-08   1.3864e+07
1.3400e+00   9.2215e-08   1.4531e+07
1.3600e+00   9.2683e-08   1.4674e+07
1.3800e+00   9.4538e-08   1.4597e+07
1.4000e+00   9.7552e-08   1.4351e+07
1.4200e+00   1.0561e-07   1.3446e+07
1.4400e+00   1.0286e-07   1.4000e+07
1.4600e+00   1.0646e-07   1.3714e+07
1.4800e+00   1.0908e-07   1.3568e+07
1.5000e+00   1.1770e-07   1.2744e+07
1.5200e+00   1.2226e-07   1.2433e+07
1.5400e+00   1.2504e-07   1.2316e+07
1.5600e+00   1.2492e-07   1.2488e+07
1.5800e+00   1.3292e-07   1.1887e+07
1.6000e+00   1.3874e-07   1.1532e+07
1.6000e+00   1.3750e-07   1.1636e+07
1.5800e+00   1.3396e-07   1.1795e+07
1.5600e+00   1.2844e-07   1.2146e+07
1.5400e+00   1.2066e-07   1.2763e+07
1.5200e+00   1.2124e-07   1.2537e+07
1.5000e+00   1.1806e-07   1.2705e+07
1.4800e+00   1.1526e-07   1.2841e+07
1.4600e+00   1.1384e-07   1.2825e+07
1.4400e+00   1.0306e-07   1.3972e+07
1.4200e+00   1.0494e-07   1.3532e+07
1.4000e+00   1.0244e-07   1.3667e+07
1.3800e+00   9.6825e-08   1.4253e+07
1.3600e+00   9.1368e-08   1.4885e+07
1.3400e+00   8.9229e-08   1.5017e+07
1.3200e+00   8.9964e-08   1.4673e+07
1.3000e+00   8.6855e-08   1.4968e+07
1.2800e+00   8.8458e-08   1.4470e+07
1.2600e+00   8.7255e-08   1.4440e+07
1.2400e+00   7.8288e-08   1.5839e+07
1.2200e+00   7.4183e-08   1.6446e+07
1.2000e+00   7.2502e-08   1.6551e+07
1.1800e+00   6.8260e-08   1.7287e+07
1.1600e+00   6.9572e-08   1.6673e+07
1.1400e+00   6.3922e-08   1.7834e+07
1.1200e+00   6.6338e-08   1.6883e+07
1.1000e+00   6.0264e-08   1.8253e+07
1.0800e+00   5.8479e-08   1.8468e+07
1.0600e+00   5.5973e-08   1.8938e+07
1.0400e+00   5.5467e-08   1.8750e+07
1.0200e+00   5.2739e-08   1.9341e+07
1.0000e+00   5.0699e-08   1.9724e+07
9.8000e-01   4.7201e-08   2.0762e+07
9.6000e-01   4.5501e-08   2.1098e+07
9.4000e-01   4.4657e-08   2.1049e+07
9.2000e-01   4.3941e-08   2.0937e+07
9.0000e-01   4.1467e-08   2.1704e+07
8.8000e-01   3.9074e-08   2.2521e+07
8.6000e-01   3.6150e-08   2.3790e+07
8.4000e-01   3.5515e-08   2.3652e+07
8.2000e-01   3.3644e-08   2.4373e+07
8.0000e-01   3.2462e-08   2.4644e+07
7.8000e-01   3.0865e-08   2.5271e+07
7.6000e-01   2.9576e-08   2.5697e+07
7.4000e-01   2.8887e-08   2.5617e+07
7.2000e-01   2.6735e-08   2.6931e+07
7.0000e-01   2.5175e-08   2.7806e+07
6.8000e-01   2.3827e-08   2.8539e+07
6.6000e-01   2.3033e-08   2.8655e+07
6.4000e-01   2.2636e-08   2.8273e+07
6.2000e-01   2.1354e-08   2.9034e+07
6.0000e-01   1.9759e-08   3.0367e+07
5.8000e-01   1.9674e-08   2.9481e+07
5.6000e-01   1.8517e-08   3.0243e+07
5.4000e-01   1.7676e-08   3.0550e+07
5.2000e-01   1.6178e-08   3.2142e+07
5.0000e-01   1.4997e-08   3.3341e+07
4.8000e-01   1.4026e-08   3.4222e+07
4.6000e-01   1.3188e-08   3.4881e+07
4.4000e-01   1.2233e-08   3.5968e+07
4.2000e-01   1.1236e-08   3.7379e+07
4.0000e-01   1.0351e-08   3.8645e+07
3.8000e-01   9.8988e-09   3.8388e+07
3.6000e-01   9.5582e-09   3.7664e+07
3.4000e-01   8.8452e-09   3.8439e+07
3.2000e-01   8.3419e-09   3.8361e+07
3.0000e-01   7.5501e-09   3.9735e+07
2.8000e-01   6.8726e-09   4.0741e+07
2.6000e-01   6.4329e-09   4.0417e+07
2.4000e-01   5.4529e-09   4.4013e+07
2.2000e-01   4.8683e-09   4.5190e+07
2.0000e-01   4.2801e-09   4.6728e+07
1.8000e-01   3.7624e-09   4.7842e+07
1.6000e-01   3.2535e-09   4.9178e+07
1.4000e-01   2.8396e-09   4.9303e+07
1.2000e-01   2.2181e-09   5.4100e+07
1.0000e-01   1.7563e-09   5.6938e+07
8.0000e-02   1.3010e-09   6.1491e+07
6.0000e-02   8.3129e-10   7.2177e+07
4.0000e-02   4.5794e-10   8.7348e+07
2.0000e-02   3.7720e-11   5.3022e+08
0.0000e+00   -3.6976e-10   -0.0000e+00
