  Measurement Number     Measurement type
                 106                DC IV

      Measurement ID             SeriesID
       739603.557648                   92

         MeasureMode                Bias1                Bias2
                   2                   -1                  1.6

                Step  Positive compliance  Negative compliance
                0.02                  0.1                1e-06

  RealMeasuredPoints
                 264

        Bias        Current     Resistance
0.0000e+00   -8.4410e-11   -0.0000e+00
-2.0000e-02   -5.2387e-10   3.8177e+07
-4.0000e-02   -9.2329e-10   4.3323e+07
-6.0000e-02   -1.3741e-09   4.3665e+07
-8.0000e-02   -1.8157e-09   4.4060e+07
-1.0000e-01   -2.3614e-09   4.2348e+07
-1.2000e-01   -2.8224e-09   4.2517e+07
-1.4000e-01   -3.3500e-09   4.1791e+07
-1.6000e-01   -3.7361e-09   4.2825e+07
-1.8000e-01   -4.4093e-09   4.0823e+07
-2.0000e-01   -4.9902e-09   4.0079e+07
-2.2000e-01   -5.7903e-09   3.7995e+07
-2.4000e-01   -6.4786e-09   3.7045e+07
-2.6000e-01   -7.1930e-09   3.6146e+07
-2.8000e-01   -8.1704e-09   3.4270e+07
-3.0000e-01   -9.0112e-09   3.3292e+07
-3.2000e-01   -9.2965e-09   3.4422e+07
-3.4000e-01   -1.0158e-08   3.3470e+07
-3.6000e-01   -1.1014e-08   3.2687e+07
-3.8000e-01   -1.2990e-08   2.9254e+07
-4.0000e-01   -1.3083e-08   3.0573e+07
-4.2000e-01   -1.3909e-08   3.0196e+07
-4.4000e-01   -1.4957e-08   2.9418e+07
-4.6000e-01   -1.5966e-08   2.8811e+07
-4.8000e-01   -1.7010e-08   2.8218e+07
-5.0000e-01   -1.8200e-08   2.7473e+07
-5.2000e-01   -1.9175e-08   2.7118e+07
-5.4000e-01   -2.0385e-08   2.6490e+07
-5.6000e-01   -2.1359e-08   2.6218e+07
-5.8000e-01   -2.2513e-08   2.5763e+07
-6.0000e-01   -2.4220e-08   2.4773e+07
-6.2000e-01   -2.5982e-08   2.3862e+07
-6.4000e-01   -2.6842e-08   2.3843e+07
-6.6000e-01   -2.7802e-08   2.3739e+07
-6.8000e-01   -2.9463e-08   2.3080e+07
-7.0000e-01   -9.9624e-07   7.0264e+05
-7.2000e-01   -1.0000e-06   7.1997e+05
-7.4000e-01   -1.0000e-06   7.4000e+05
-7.6000e-01   -1.0000e-06   7.5998e+05
-7.8000e-01   -1.0000e-06   7.7998e+05
-8.0000e-01   -1.0000e-06   7.9998e+05
-8.2000e-01   -1.0000e-06   8.1998e+05
-8.4000e-01   -1.0000e-06   8.3997e+05
-8.6000e-01   -1.0002e-06   8.5986e+05
-8.8000e-01   -1.0000e-06   8.8000e+05
-9.0000e-01   -1.0000e-06   9.0000e+05
-9.2000e-01   -1.0000e-06   9.1998e+05
-9.4000e-01   -1.0001e-06   9.3994e+05
-9.6000e-01   -1.0000e-06   9.6000e+05
-9.8000e-01   -1.0000e-06   9.8000e+05
-1.0000e+00   -9.9994e-07   1.0001e+06
-1.0000e+00   -1.0000e-06   9.9998e+05
-9.8000e-01   -1.0001e-06   9.7990e+05
-9.6000e-01   -1.0002e-06   9.5985e+05
-9.4000e-01   -1.0001e-06   9.3994e+05
-9.2000e-01   -1.0000e-06   9.2000e+05
-9.0000e-01   -9.9984e-07   9.0014e+05
-8.8000e-01   -9.9998e-07   8.8002e+05
-8.6000e-01   -1.0000e-06   8.5998e+05
-8.4000e-01   -1.0000e-06   8.4000e+05
-8.2000e-01   -1.0000e-06   8.1998e+05
-8.0000e-01   -1.0000e-06   7.9997e+05
-7.8000e-01   -1.0000e-06   7.8000e+05
-7.6000e-01   -1.0000e-06   7.5998e+05
-7.4000e-01   -1.0000e-06   7.3997e+05
-7.2000e-01   -1.0000e-06   7.2000e+05
-7.0000e-01   -1.0000e-06   6.9999e+05
-6.8000e-01   -1.0000e-06   6.7999e+05
-6.6000e-01   -1.0000e-06   6.5997e+05
-6.4000e-01   -1.0000e-06   6.3999e+05
-6.2000e-01   -1.0000e-06   6.2000e+05
-6.0000e-01   -1.0000e-06   5.9999e+05
-5.8000e-01   -1.0000e-06   5.7999e+05
-5.6000e-01   -1.0000e-06   5.5999e+05
-5.4000e-01   -1.0000e-06   5.3999e+05
-5.2000e-01   -1.0000e-06   5.1998e+05
-5.0000e-01   -1.0000e-06   4.9999e+05
-4.8000e-01   -1.0000e-06   4.7998e+05
-4.6000e-01   -9.4376e-07   4.8741e+05
-4.4000e-01   -9.2998e-07   4.7313e+05
-4.2000e-01   -9.8946e-07   4.2447e+05
-4.0000e-01   -7.2310e-07   5.5317e+05
-3.8000e-01   -6.4034e-07   5.9343e+05
-3.6000e-01   -7.1026e-07   5.0686e+05
-3.4000e-01   -3.5020e-07   9.7087e+05
-3.2000e-01   -1.0193e-08   3.1395e+07
-3.0000e-01   -9.3526e-09   3.2077e+07
-2.8000e-01   -7.0735e-09   3.9584e+07
-2.6000e-01   -6.5859e-09   3.9478e+07
-2.4000e-01   -5.9669e-09   4.0222e+07
-2.2000e-01   -5.4126e-09   4.0646e+07
-2.0000e-01   -4.7390e-09   4.2203e+07
-1.8000e-01   -4.1294e-09   4.3590e+07
-1.6000e-01   -3.5119e-09   4.5559e+07
-1.4000e-01   -3.0775e-09   4.5491e+07
-1.2000e-01   -2.5272e-09   4.7483e+07
-1.0000e-01   -2.0173e-09   4.9571e+07
-8.0000e-02   -1.5938e-09   5.0195e+07
-6.0000e-02   -1.0254e-09   5.8514e+07
-4.0000e-02   -7.3377e-10   5.4513e+07
-2.0000e-02   -3.0477e-10   6.5623e+07
0.0000e+00   9.2030e-11   0.0000e+00
0.0000e+00   1.6230e-11   0.0000e+00
2.0000e-02   4.0871e-10   4.8934e+07
4.0000e-02   8.0933e-10   4.9424e+07
6.0000e-02   1.1806e-09   5.0822e+07
8.0000e-02   1.6377e-09   4.8849e+07
1.0000e-01   2.0516e-09   4.8742e+07
1.2000e-01   2.5193e-09   4.7632e+07
1.4000e-01   3.0250e-09   4.6281e+07
1.6000e-01   3.5579e-09   4.4970e+07
1.8000e-01   4.0070e-09   4.4921e+07
2.0000e-01   4.6769e-09   4.2763e+07
2.2000e-01   5.0733e-09   4.3364e+07
2.4000e-01   5.6633e-09   4.2378e+07
2.6000e-01   6.3299e-09   4.1075e+07
2.8000e-01   6.9986e-09   4.0008e+07
3.0000e-01   7.7690e-09   3.8615e+07
3.2000e-01   8.8947e-09   3.5976e+07
3.4000e-01   9.6874e-09   3.5097e+07
3.6000e-01   1.0130e-08   3.5539e+07
3.8000e-01   1.0836e-08   3.5069e+07
4.0000e-01   1.1965e-08   3.3431e+07
4.2000e-01   1.2874e-08   3.2623e+07
4.4000e-01   1.3734e-08   3.2037e+07
4.6000e-01   1.4735e-08   3.1219e+07
4.8000e-01   1.5681e-08   3.0611e+07
5.0000e-01   1.6628e-08   3.0070e+07
5.2000e-01   1.7963e-08   2.8948e+07
5.4000e-01   1.9034e-08   2.8370e+07
5.6000e-01   2.0176e-08   2.7755e+07
5.8000e-01   2.1609e-08   2.6841e+07
6.0000e-01   2.3340e-08   2.5707e+07
6.2000e-01   2.4564e-08   2.5240e+07
6.4000e-01   2.5299e-08   2.5297e+07
6.6000e-01   2.6701e-08   2.4718e+07
6.8000e-01   2.8755e-08   2.3648e+07
7.0000e-01   2.9634e-08   2.3621e+07
7.2000e-01   3.0884e-08   2.3313e+07
7.4000e-01   3.1802e-08   2.3269e+07
7.6000e-01   3.4193e-08   2.2227e+07
7.8000e-01   3.5352e-08   2.2064e+07
8.0000e-01   3.7949e-08   2.1081e+07
8.2000e-01   3.8890e-08   2.1085e+07
8.4000e-01   4.0316e-08   2.0835e+07
8.6000e-01   4.3214e-08   1.9901e+07
8.8000e-01   4.3093e-08   2.0421e+07
9.0000e-01   4.5541e-08   1.9762e+07
9.2000e-01   4.6692e-08   1.9703e+07
9.4000e-01   4.9138e-08   1.9130e+07
9.6000e-01   5.1069e-08   1.8798e+07
9.8000e-01   5.3108e-08   1.8453e+07
1.0000e+00   5.5467e-08   1.8029e+07
1.0200e+00   5.7921e-08   1.7610e+07
1.0400e+00   5.9526e-08   1.7471e+07
1.0600e+00   6.1116e-08   1.7344e+07
1.0800e+00   5.6655e-08   1.9063e+07
1.1000e+00   6.5140e-08   1.6887e+07
1.1200e+00   6.7661e-08   1.6553e+07
1.1400e+00   6.4900e-08   1.7565e+07
1.1600e+00   6.6775e-08   1.7372e+07
1.1800e+00   6.9504e-08   1.6977e+07
1.2000e+00   7.3675e-08   1.6288e+07
1.2200e+00   7.4371e-08   1.6404e+07
1.2400e+00   7.5894e-08   1.6339e+07
1.2600e+00   7.9404e-08   1.5868e+07
1.2800e+00   8.1789e-08   1.5650e+07
1.3000e+00   8.4561e-08   1.5373e+07
1.3200e+00   8.7539e-08   1.5079e+07
1.3400e+00   9.3402e-08   1.4347e+07
1.3600e+00   9.3441e-08   1.4555e+07
1.3800e+00   9.7328e-08   1.4179e+07
1.4000e+00   1.0251e-07   1.3658e+07
1.4200e+00   1.0070e-07   1.4101e+07
1.4400e+00   1.0579e-07   1.3612e+07
1.4600e+00   1.0990e-07   1.3285e+07
1.4800e+00   1.1442e-07   1.2935e+07
1.5000e+00   1.1006e-07   1.3629e+07
1.5200e+00   1.2042e-07   1.2622e+07
1.5400e+00   1.2216e-07   1.2606e+07
1.5600e+00   1.2018e-07   1.2981e+07
1.5800e+00   1.2114e-07   1.3043e+07
1.6000e+00   1.3014e-07   1.2294e+07
1.6000e+00   1.2262e-07   1.3048e+07
1.5800e+00   1.2212e-07   1.2938e+07
1.5600e+00   1.1566e-07   1.3488e+07
1.5400e+00   1.1146e-07   1.3817e+07
1.5200e+00   1.1226e-07   1.3540e+07
1.5000e+00   1.0448e-07   1.4357e+07
1.4800e+00   1.0146e-07   1.4587e+07
1.4600e+00   1.0408e-07   1.4028e+07
1.4400e+00   9.5942e-08   1.5009e+07
1.4200e+00   9.2173e-08   1.5406e+07
1.4000e+00   9.4084e-08   1.4880e+07
1.3800e+00   9.2260e-08   1.4958e+07
1.3600e+00   8.9530e-08   1.5190e+07
1.3400e+00   8.6529e-08   1.5486e+07
1.3200e+00   8.1848e-08   1.6127e+07
1.3000e+00   7.9466e-08   1.6359e+07
1.2800e+00   7.4896e-08   1.7090e+07
1.2600e+00   7.3904e-08   1.7049e+07
1.2400e+00   7.1140e-08   1.7430e+07
1.2200e+00   6.9252e-08   1.7617e+07
1.2000e+00   6.5932e-08   1.8201e+07
1.1800e+00   6.6782e-08   1.7669e+07
1.1600e+00   6.2728e-08   1.8493e+07
1.1400e+00   5.8194e-08   1.9590e+07
1.1200e+00   5.7065e-08   1.9627e+07
1.1000e+00   5.6171e-08   1.9583e+07
1.0800e+00   5.3178e-08   2.0309e+07
1.0600e+00   4.9749e-08   2.1307e+07
1.0400e+00   4.9702e-08   2.0925e+07
1.0200e+00   4.5491e-08   2.2422e+07
1.0000e+00   4.3431e-08   2.3025e+07
9.8000e-01   4.4360e-08   2.2092e+07
9.6000e-01   4.1276e-08   2.3258e+07
9.4000e-01   3.8171e-08   2.4626e+07
9.2000e-01   3.8879e-08   2.3663e+07
9.0000e-01   3.7601e-08   2.3935e+07
8.8000e-01   3.6931e-08   2.3828e+07
8.6000e-01   3.3603e-08   2.5593e+07
8.4000e-01   3.1576e-08   2.6602e+07
8.2000e-01   3.1230e-08   2.6257e+07
8.0000e-01   2.8867e-08   2.7713e+07
7.8000e-01   2.7592e-08   2.8269e+07
7.6000e-01   2.7159e-08   2.7984e+07
7.4000e-01   2.5990e-08   2.8472e+07
7.2000e-01   2.6261e-08   2.7417e+07
7.0000e-01   2.5292e-08   2.7677e+07
6.8000e-01   2.2991e-08   2.9577e+07
6.6000e-01   2.2715e-08   2.9056e+07
6.4000e-01   2.1707e-08   2.9484e+07
6.2000e-01   2.0771e-08   2.9849e+07
6.0000e-01   2.0385e-08   2.9434e+07
5.8000e-01   1.8350e-08   3.1607e+07
5.6000e-01   1.6821e-08   3.3293e+07
5.4000e-01   1.5260e-08   3.5387e+07
5.2000e-01   1.5185e-08   3.4245e+07
5.0000e-01   1.4564e-08   3.4332e+07
4.8000e-01   1.4144e-08   3.3937e+07
4.6000e-01   1.2494e-08   3.6818e+07
4.4000e-01   1.1511e-08   3.8226e+07
4.2000e-01   1.1130e-08   3.7736e+07
4.0000e-01   1.0367e-08   3.8585e+07
3.8000e-01   1.0080e-08   3.7700e+07
3.6000e-01   8.6593e-09   4.1574e+07
3.4000e-01   9.0169e-09   3.7707e+07
3.2000e-01   8.6270e-09   3.7093e+07
3.0000e-01   7.9401e-09   3.7783e+07
2.8000e-01   6.9212e-09   4.0455e+07
2.6000e-01   6.2396e-09   4.1669e+07
2.4000e-01   4.6925e-09   5.1145e+07
2.2000e-01   5.0068e-09   4.3940e+07
2.0000e-01   4.2737e-09   4.6798e+07
1.8000e-01   3.9000e-09   4.6154e+07
1.6000e-01   3.3672e-09   4.7517e+07
1.4000e-01   2.7181e-09   5.1507e+07
1.2000e-01   2.3719e-09   5.0592e+07
1.0000e-01   1.9368e-09   5.1632e+07
8.0000e-02   1.3381e-09   5.9786e+07
6.0000e-02   8.4841e-10   7.0721e+07
4.0000e-02   4.7443e-10   8.4312e+07
2.0000e-02   4.1100e-11   4.8662e+08
0.0000e+00   -3.7894e-10   -0.0000e+00
