  Measurement Number     Measurement type
                 128                DC IV

      Measurement ID             SeriesID
       739603.559573                   64

         MeasureMode                Bias1                Bias2
                   2                   -1                  1.6

                Step  Positive compliance  Negative compliance
                0.02                  0.1                1e-06

  RealMeasuredPoints
                 264

        Bias        Current     Resistance
0.0000e+00   -8.2720e-11   -0.0000e+00
-2.0000e-02   -4.6618e-10   4.2902e+07
-4.0000e-02   -8.4451e-10   4.7365e+07
-6.0000e-02   -1.2279e-09   4.8864e+07
-8.0000e-02   -1.7291e-09   4.6267e+07
-1.0000e-01   -2.1862e-09   4.5741e+07
-1.2000e-01   -2.5671e-09   4.6745e+07
-1.4000e-01   -3.0800e-09   4.5455e+07
-1.6000e-01   -3.7161e-09   4.3056e+07
-1.8000e-01   -4.0074e-09   4.4917e+07
-2.0000e-01   -4.5461e-09   4.3994e+07
-2.2000e-01   -5.2003e-09   4.2305e+07
-2.4000e-01   -6.0238e-09   3.9842e+07
-2.6000e-01   -6.6061e-09   3.9358e+07
-2.8000e-01   -7.1833e-09   3.8979e+07
-3.0000e-01   -7.5825e-09   3.9565e+07
-3.2000e-01   -8.5341e-09   3.7497e+07
-3.4000e-01   -9.3488e-09   3.6368e+07
-3.6000e-01   -9.9849e-09   3.6054e+07
-3.8000e-01   -1.0689e-08   3.5552e+07
-4.0000e-01   -1.1687e-08   3.4225e+07
-4.2000e-01   -1.1501e-08   3.6519e+07
-4.4000e-01   -1.1890e-08   3.7005e+07
-4.6000e-01   -1.4613e-08   3.1478e+07
-4.8000e-01   -1.5219e-08   3.1539e+07
-5.0000e-01   -1.6331e-08   3.0616e+07
-5.2000e-01   -1.7316e-08   3.0029e+07
-5.4000e-01   -1.7977e-08   3.0039e+07
-5.6000e-01   -1.3262e-08   4.2225e+07
-5.8000e-01   -1.3707e-08   4.2313e+07
-6.0000e-01   -5.1887e-08   1.1564e+07
-6.2000e-01   -3.2472e-07   1.9093e+06
-6.4000e-01   -1.0000e-06   6.3997e+05
-6.6000e-01   -9.9994e-07   6.6004e+05
-6.8000e-01   -1.0000e-06   6.8000e+05
-7.0000e-01   -1.0000e-06   6.9999e+05
-7.2000e-01   -1.0000e-06   7.1999e+05
-7.4000e-01   -1.0000e-06   7.4000e+05
-7.6000e-01   -1.0001e-06   7.5995e+05
-7.8000e-01   -1.0000e-06   7.7997e+05
-8.0000e-01   -1.0000e-06   7.9998e+05
-8.2000e-01   -1.0000e-06   8.1997e+05
-8.4000e-01   -1.0000e-06   8.3997e+05
-8.6000e-01   -1.0000e-06   8.5997e+05
-8.8000e-01   -9.9998e-07   8.8002e+05
-9.0000e-01   -1.0001e-06   8.9993e+05
-9.2000e-01   -1.0000e-06   9.1998e+05
-9.4000e-01   -1.0000e-06   9.3998e+05
-9.6000e-01   -9.9998e-07   9.6002e+05
-9.8000e-01   -1.0000e-06   9.7998e+05
-1.0000e+00   -1.0000e-06   9.9998e+05
-1.0000e+00   -1.0000e-06   9.9996e+05
-9.8000e-01   -1.0000e-06   9.7998e+05
-9.6000e-01   -1.0000e-06   9.6000e+05
-9.4000e-01   -1.0000e-06   9.3998e+05
-9.2000e-01   -1.0000e-06   9.1998e+05
-9.0000e-01   -1.0000e-06   8.9998e+05
-8.8000e-01   -1.0000e-06   8.7998e+05
-8.6000e-01   -1.0000e-06   8.5998e+05
-8.4000e-01   -1.0000e-06   8.3998e+05
-8.2000e-01   -1.0001e-06   8.1995e+05
-8.0000e-01   -1.0000e-06   7.9997e+05
-7.8000e-01   -1.0000e-06   7.8000e+05
-7.6000e-01   -1.0000e-06   7.5998e+05
-7.4000e-01   -1.0000e-06   7.3999e+05
-7.2000e-01   -1.0000e-06   7.1999e+05
-7.0000e-01   -1.0000e-06   6.9997e+05
-6.8000e-01   -1.0000e-06   6.7999e+05
-6.6000e-01   -1.0001e-06   6.5996e+05
-6.4000e-01   -1.0000e-06   6.4000e+05
-6.2000e-01   -9.9996e-07   6.2002e+05
-6.0000e-01   -1.0000e-06   5.9999e+05
-5.8000e-01   -1.0000e-06   5.7999e+05
-5.6000e-01   -1.0000e-06   5.5999e+05
-5.4000e-01   -1.0000e-06   5.3998e+05
-5.2000e-01   -1.0000e-06   5.1999e+05
-5.0000e-01   -1.0000e-06   4.9999e+05
-4.8000e-01   -1.0000e-06   4.7999e+05
-4.6000e-01   -1.0000e-06   4.5998e+05
-4.4000e-01   -1.0000e-06   4.3999e+05
-4.2000e-01   -1.0000e-06   4.1999e+05
-4.0000e-01   -1.0000e-06   3.9998e+05
-3.8000e-01   -1.0000e-06   3.7999e+05
-3.6000e-01   -9.4740e-07   3.7999e+05
-3.4000e-01   -9.6838e-07   3.5110e+05
-3.2000e-01   -6.9114e-07   4.6300e+05
-3.0000e-01   -9.5592e-07   3.1383e+05
-2.8000e-01   -6.6906e-07   4.1850e+05
-2.6000e-01   -9.2738e-07   2.8036e+05
-2.4000e-01   -4.5548e-07   5.2692e+05
-2.2000e-01   -1.1154e-07   1.9724e+06
-2.0000e-01   -6.2053e-08   3.2231e+06
-1.8000e-01   -5.7627e-08   3.1235e+06
-1.6000e-01   -4.4073e-08   3.6303e+06
-1.4000e-01   -3.6883e-08   3.7958e+06
-1.2000e-01   -2.8130e-08   4.2659e+06
-1.0000e-01   -2.6042e-08   3.8400e+06
-8.0000e-02   -1.2875e-08   6.2134e+06
-6.0000e-02   -1.2152e-09   4.9375e+07
-4.0000e-02   -4.4298e-10   9.0298e+07
-2.0000e-02   -1.9224e-10   1.0404e+08
0.0000e+00   7.1460e-11   0.0000e+00
0.0000e+00   7.2000e-13   0.0000e+00
2.0000e-02   2.7700e-10   7.2202e+07
4.0000e-02   5.4473e-10   7.3431e+07
6.0000e-02   8.2340e-10   7.2869e+07
8.0000e-02   1.0999e-09   7.2734e+07
1.0000e-01   1.4642e-09   6.8297e+07
1.2000e-01   1.7803e-09   6.7404e+07
1.4000e-01   2.0512e-09   6.8253e+07
1.6000e-01   2.5726e-09   6.2194e+07
1.8000e-01   2.9943e-09   6.0114e+07
2.0000e-01   3.4888e-09   5.7326e+07
2.2000e-01   3.6712e-09   5.9926e+07
2.4000e-01   4.2400e-09   5.6604e+07
2.6000e-01   4.6999e-09   5.5320e+07
2.8000e-01   5.3700e-09   5.2142e+07
3.0000e-01   5.7282e-09   5.2372e+07
3.2000e-01   6.3439e-09   5.0442e+07
3.4000e-01   6.8919e-09   4.9333e+07
3.6000e-01   7.5887e-09   4.7439e+07
3.8000e-01   8.3824e-09   4.5333e+07
4.0000e-01   9.0902e-09   4.4003e+07
4.2000e-01   9.4700e-09   4.4351e+07
4.4000e-01   1.0233e-08   4.2998e+07
4.6000e-01   1.4045e-08   3.2751e+07
4.8000e-01   1.5241e-08   3.1494e+07
5.0000e-01   1.6135e-08   3.0989e+07
5.2000e-01   1.7269e-08   3.0112e+07
5.4000e-01   1.8194e-08   2.9679e+07
5.6000e-01   1.9207e-08   2.9156e+07
5.8000e-01   2.0649e-08   2.8089e+07
6.0000e-01   2.1570e-08   2.7816e+07
6.2000e-01   2.3801e-08   2.6049e+07
6.4000e-01   2.5309e-08   2.5288e+07
6.6000e-01   2.6479e-08   2.4925e+07
6.8000e-01   2.6809e-08   2.5364e+07
7.0000e-01   3.0233e-08   2.3153e+07
7.2000e-01   3.1139e-08   2.3122e+07
7.4000e-01   3.0269e-08   2.4448e+07
7.6000e-01   3.0499e-08   2.4919e+07
7.8000e-01   3.2227e-08   2.4203e+07
8.0000e-01   3.1927e-08   2.5057e+07
8.2000e-01   3.2847e-08   2.4964e+07
8.4000e-01   3.7350e-08   2.2490e+07
8.6000e-01   3.9861e-08   2.1575e+07
8.8000e-01   4.1656e-08   2.1125e+07
9.0000e-01   4.0933e-08   2.1987e+07
9.2000e-01   4.1593e-08   2.2119e+07
9.4000e-01   4.1435e-08   2.2686e+07
9.6000e-01   3.9160e-08   2.4515e+07
9.8000e-01   4.4458e-08   2.2043e+07
1.0000e+00   4.5420e-08   2.2017e+07
1.0200e+00   4.7358e-08   2.1538e+07
1.0400e+00   5.2932e-08   1.9648e+07
1.0600e+00   5.5286e-08   1.9173e+07
1.0800e+00   5.5487e-08   1.9464e+07
1.1000e+00   5.6948e-08   1.9316e+07
1.1200e+00   5.6855e-08   1.9699e+07
1.1400e+00   6.2170e-08   1.8337e+07
1.1600e+00   6.7729e-08   1.7127e+07
1.1800e+00   7.1854e-08   1.6422e+07
1.2000e+00   7.4094e-08   1.6196e+07
1.2200e+00   7.9230e-08   1.5398e+07
1.2400e+00   8.1569e-08   1.5202e+07
1.2600e+00   8.6025e-08   1.4647e+07
1.2800e+00   8.8030e-08   1.4540e+07
1.3000e+00   8.9689e-08   1.4494e+07
1.3200e+00   9.0646e-08   1.4562e+07
1.3400e+00   9.0124e-08   1.4868e+07
1.3600e+00   9.3555e-08   1.4537e+07
1.3800e+00   9.9184e-08   1.3914e+07
1.4000e+00   9.6832e-08   1.4458e+07
1.4200e+00   9.9609e-08   1.4256e+07
1.4400e+00   1.0694e-07   1.3466e+07
1.4600e+00   1.0414e-07   1.4019e+07
1.4800e+00   1.1220e-07   1.3191e+07
1.5000e+00   1.1196e-07   1.3398e+07
1.5200e+00   1.1618e-07   1.3083e+07
1.5400e+00   1.2796e-07   1.2035e+07
1.5600e+00   1.2484e-07   1.2496e+07
1.5800e+00   1.2678e-07   1.2463e+07
1.6000e+00   1.3240e-07   1.2085e+07
1.6000e+00   1.3102e-07   1.2212e+07
1.5800e+00   1.2816e-07   1.2328e+07
1.5600e+00   1.2410e-07   1.2571e+07
1.5400e+00   1.2108e-07   1.2719e+07
1.5200e+00   1.2002e-07   1.2665e+07
1.5000e+00   1.1538e-07   1.3001e+07
1.4800e+00   1.1228e-07   1.3181e+07
1.4600e+00   1.0844e-07   1.3464e+07
1.4400e+00   1.0576e-07   1.3616e+07
1.4200e+00   1.0176e-07   1.3954e+07
1.4000e+00   1.0202e-07   1.3723e+07
1.3800e+00   9.7795e-08   1.4111e+07
1.3600e+00   9.0901e-08   1.4961e+07
1.3400e+00   9.0252e-08   1.4847e+07
1.3200e+00   8.8718e-08   1.4879e+07
1.3000e+00   8.5053e-08   1.5285e+07
1.2800e+00   8.3391e-08   1.5349e+07
1.2600e+00   8.0025e-08   1.5745e+07
1.2400e+00   7.5824e-08   1.6354e+07
1.2200e+00   7.5325e-08   1.6196e+07
1.2000e+00   7.3118e-08   1.6412e+07
1.1800e+00   7.0690e-08   1.6693e+07
1.1600e+00   6.6856e-08   1.7351e+07
1.1400e+00   6.4701e-08   1.7619e+07
1.1200e+00   6.3223e-08   1.7715e+07
1.1000e+00   6.1533e-08   1.7877e+07
1.0800e+00   5.7802e-08   1.8684e+07
1.0600e+00   5.4548e-08   1.9432e+07
1.0400e+00   5.3691e-08   1.9370e+07
1.0200e+00   5.1317e-08   1.9876e+07
1.0000e+00   4.9519e-08   2.0194e+07
9.8000e-01   5.0224e-08   1.9512e+07
9.6000e-01   4.6293e-08   2.0738e+07
9.4000e-01   4.5124e-08   2.0832e+07
9.2000e-01   3.9821e-08   2.3103e+07
9.0000e-01   4.2176e-08   2.1339e+07
8.8000e-01   4.1142e-08   2.1389e+07
8.6000e-01   3.7855e-08   2.2718e+07
8.4000e-01   3.6128e-08   2.3251e+07
8.2000e-01   3.6487e-08   2.2474e+07
8.0000e-01   3.4092e-08   2.3466e+07
7.8000e-01   3.4786e-08   2.2423e+07
7.6000e-01   3.3517e-08   2.2675e+07
7.4000e-01   3.0866e-08   2.3974e+07
7.2000e-01   3.0679e-08   2.3469e+07
7.0000e-01   2.8330e-08   2.4709e+07
6.8000e-01   2.7859e-08   2.4408e+07
6.6000e-01   2.3373e-08   2.8238e+07
6.4000e-01   2.1682e-08   2.9518e+07
6.2000e-01   2.3149e-08   2.6783e+07
6.0000e-01   2.1849e-08   2.7461e+07
5.8000e-01   2.1488e-08   2.6992e+07
5.6000e-01   1.8739e-08   2.9884e+07
5.4000e-01   1.6440e-08   3.2846e+07
5.2000e-01   1.6524e-08   3.1469e+07
5.0000e-01   1.7255e-08   2.8977e+07
4.8000e-01   1.6300e-08   2.9448e+07
4.6000e-01   1.4662e-08   3.1373e+07
4.4000e-01   1.3777e-08   3.1938e+07
4.2000e-01   1.2110e-08   3.4681e+07
4.0000e-01   1.1197e-08   3.5724e+07
3.8000e-01   9.9544e-09   3.8174e+07
3.6000e-01   8.2978e-09   4.3385e+07
3.4000e-01   9.1830e-09   3.7025e+07
3.2000e-01   8.3851e-09   3.8163e+07
3.0000e-01   7.6910e-09   3.9007e+07
2.8000e-01   6.6324e-09   4.2217e+07
2.6000e-01   5.5139e-09   4.7154e+07
2.4000e-01   4.6320e-09   5.1813e+07
2.2000e-01   4.1784e-09   5.2652e+07
2.0000e-01   3.9383e-09   5.0783e+07
1.8000e-01   2.6409e-09   6.8159e+07
1.6000e-01   2.4827e-09   6.4446e+07
1.4000e-01   1.2069e-09   1.1600e+08
1.2000e-01   9.3799e-10   1.2793e+08
1.0000e-01   7.0489e-10   1.4187e+08
8.0000e-02   4.4409e-10   1.8014e+08
6.0000e-02   2.1197e-10   2.8306e+08
4.0000e-02   -8.3100e-12   -4.8135e+09
2.0000e-02   -1.9863e-10   -1.0069e+08
0.0000e+00   -3.9660e-10   -0.0000e+00
