  Measurement Number     Measurement type
                 135                DC IV

      Measurement ID             SeriesID
       739603.560162                   64

         MeasureMode                Bias1                Bias2
                   2                   -1                  1.6

                Step  Positive compliance  Negative compliance
                0.02                  0.1                1e-06

  RealMeasuredPoints
                 264

        Bias        Current     Resistance
0.0000e+00   -7.1530e-11   -0.0000e+00
-2.0000e-02   -4.0243e-10   4.9698e+07
-4.0000e-02   -7.5436e-10   5.3025e+07
-6.0000e-02   -1.1046e-09   5.4318e+07
-8.0000e-02   -1.4937e-09   5.3558e+07
-1.0000e-01   -1.9189e-09   5.2113e+07
-1.2000e-01   -2.3383e-09   5.1319e+07
-1.4000e-01   -2.8049e-09   4.9913e+07
-1.6000e-01   -3.2098e-09   4.9847e+07
-1.8000e-01   -3.6693e-09   4.9056e+07
-2.0000e-01   -4.3264e-09   4.6228e+07
-2.2000e-01   -4.8600e-09   4.5267e+07
-2.4000e-01   -5.4825e-09   4.3776e+07
-2.6000e-01   -6.0410e-09   4.3039e+07
-2.8000e-01   -6.6017e-09   4.2413e+07
-3.0000e-01   -7.2375e-09   4.1451e+07
-3.2000e-01   -7.6850e-09   4.1640e+07
-3.4000e-01   -8.9316e-09   3.8067e+07
-3.6000e-01   -9.5083e-09   3.7862e+07
-3.8000e-01   -1.0406e-08   3.6518e+07
-4.0000e-01   -7.0650e-09   5.6617e+07
-4.2000e-01   -1.6143e-08   2.6018e+07
-4.4000e-01   -4.1020e-07   1.0726e+06
-4.6000e-01   -4.1292e-07   1.1140e+06
-4.8000e-01   -5.6688e-07   8.4674e+05
-5.0000e-01   -5.8826e-07   8.4996e+05
-5.2000e-01   -5.8636e-07   8.8683e+05
-5.4000e-01   -1.0000e-06   5.3999e+05
-5.6000e-01   -1.0000e-06   5.6000e+05
-5.8000e-01   -1.0000e-06   5.7998e+05
-6.0000e-01   -1.0000e-06   5.9999e+05
-6.2000e-01   -1.0000e-06   6.2000e+05
-6.4000e-01   -1.0000e-06   6.3997e+05
-6.6000e-01   -9.9990e-07   6.6007e+05
-6.8000e-01   -1.0000e-06   6.7999e+05
-7.0000e-01   -1.0000e-06   6.9997e+05
-7.2000e-01   -1.0000e-06   7.1999e+05
-7.4000e-01   -1.0000e-06   7.3997e+05
-7.6000e-01   -1.0000e-06   7.5997e+05
-7.8000e-01   -1.0000e-06   7.7998e+05
-8.0000e-01   -1.0000e-06   7.9998e+05
-8.2000e-01   -1.0000e-06   8.1998e+05
-8.4000e-01   -1.0000e-06   8.3998e+05
-8.6000e-01   -1.0000e-06   8.5998e+05
-8.8000e-01   -1.0000e-06   8.7998e+05
-9.0000e-01   -1.0000e-06   8.9998e+05
-9.2000e-01   -1.0000e-06   9.1996e+05
-9.4000e-01   -1.0000e-06   9.3998e+05
-9.6000e-01   -1.0000e-06   9.5998e+05
-9.8000e-01   -1.0000e-06   9.7998e+05
-1.0000e+00   -1.0000e-06   9.9998e+05
-1.0000e+00   -1.0000e-06   9.9998e+05
-9.8000e-01   -1.0000e-06   9.7996e+05
-9.6000e-01   -1.0000e-06   9.5998e+05
-9.4000e-01   -1.0000e-06   9.4000e+05
-9.2000e-01   -1.0000e-06   9.1998e+05
-9.0000e-01   -1.0000e-06   8.9998e+05
-8.8000e-01   -1.0000e-06   8.7996e+05
-8.6000e-01   -1.0000e-06   8.5998e+05
-8.4000e-01   -1.0000e-06   8.3998e+05
-8.2000e-01   -1.0000e-06   8.1997e+05
-8.0000e-01   -1.0000e-06   7.9997e+05
-7.8000e-01   -1.0000e-06   7.7997e+05
-7.6000e-01   -1.0000e-06   7.5998e+05
-7.4000e-01   -1.0000e-06   7.4000e+05
-7.2000e-01   -1.0000e-06   7.1997e+05
-7.0000e-01   -1.0000e-06   6.9999e+05
-6.8000e-01   -1.0000e-06   6.7999e+05
-6.6000e-01   -1.0000e-06   6.5997e+05
-6.4000e-01   -1.0000e-06   6.3999e+05
-6.2000e-01   -1.0000e-06   6.1998e+05
-6.0000e-01   -1.0000e-06   5.9998e+05
-5.8000e-01   -1.0000e-06   5.7999e+05
-5.6000e-01   -1.0000e-06   5.5999e+05
-5.4000e-01   -9.9998e-07   5.4001e+05
-5.2000e-01   -1.0000e-06   5.1998e+05
-5.0000e-01   -1.0000e-06   5.0000e+05
-4.8000e-01   -1.0000e-06   4.7998e+05
-4.6000e-01   -1.0000e-06   4.5999e+05
-4.4000e-01   -1.0000e-06   4.4000e+05
-4.2000e-01   -1.0000e-06   4.1998e+05
-4.0000e-01   -1.0000e-06   3.9999e+05
-3.8000e-01   -1.0000e-06   3.7998e+05
-3.6000e-01   -9.7570e-07   3.6897e+05
-3.4000e-01   -9.9810e-07   3.4065e+05
-3.2000e-01   -6.9034e-07   4.6354e+05
-3.0000e-01   -6.7320e-07   4.4563e+05
-2.8000e-01   -8.0248e-07   3.4892e+05
-2.6000e-01   -5.6558e-07   4.5971e+05
-2.4000e-01   -5.8136e-07   4.1283e+05
-2.2000e-01   -4.5406e-07   4.8452e+05
-2.0000e-01   -4.1874e-07   4.7762e+05
-1.8000e-01   -3.8630e-07   4.6596e+05
-1.6000e-01   -3.4308e-07   4.6636e+05
-1.4000e-01   -2.8864e-07   4.8503e+05
-1.2000e-01   -2.9624e-07   4.0508e+05
-1.0000e-01   -2.3046e-07   4.3391e+05
-8.0000e-02   -1.6726e-07   4.7830e+05
-6.0000e-02   -5.5948e-08   1.0724e+06
-4.0000e-02   -2.7191e-08   1.4711e+06
-2.0000e-02   -3.0692e-09   6.5164e+06
0.0000e+00   8.0480e-11   0.0000e+00
0.0000e+00   -3.1000e-13   -0.0000e+00
2.0000e-02   3.3045e-10   6.0524e+07
4.0000e-02   6.4874e-10   6.1658e+07
6.0000e-02   1.0221e-09   5.8703e+07
8.0000e-02   1.3733e-09   5.8254e+07
1.0000e-01   1.6897e-09   5.9182e+07
1.2000e-01   2.1247e-09   5.6479e+07
1.4000e-01   2.5906e-09   5.4042e+07
1.6000e-01   3.0136e-09   5.3093e+07
1.8000e-01   3.1398e-09   5.7328e+07
2.0000e-01   4.0467e-09   4.9423e+07
2.2000e-01   4.4620e-09   4.9305e+07
2.4000e-01   5.0868e-09   4.7181e+07
2.6000e-01   5.5536e-09   4.6816e+07
2.8000e-01   6.1698e-09   4.5382e+07
3.0000e-01   6.9559e-09   4.3129e+07
3.2000e-01   7.4242e-09   4.3102e+07
3.4000e-01   8.1789e-09   4.1570e+07
3.6000e-01   9.8727e-09   3.6464e+07
3.8000e-01   9.5114e-09   3.9952e+07
4.0000e-01   1.0920e-08   3.6631e+07
4.2000e-01   1.2238e-08   3.4320e+07
4.4000e-01   1.2665e-08   3.4742e+07
4.6000e-01   1.2072e-08   3.8106e+07
4.8000e-01   1.3191e-08   3.6388e+07
5.0000e-01   1.4375e-08   3.4784e+07
5.2000e-01   1.4676e-08   3.5433e+07
5.4000e-01   1.6421e-08   3.2885e+07
5.6000e-01   1.6968e-08   3.3003e+07
5.8000e-01   1.8528e-08   3.1303e+07
6.0000e-01   1.9812e-08   3.0285e+07
6.2000e-01   2.1512e-08   2.8822e+07
6.4000e-01   2.2282e-08   2.8722e+07
6.6000e-01   2.5185e-08   2.6206e+07
6.8000e-01   2.6101e-08   2.6052e+07
7.0000e-01   2.7216e-08   2.5720e+07
7.2000e-01   2.8569e-08   2.5202e+07
7.4000e-01   2.9870e-08   2.4774e+07
7.6000e-01   3.0996e-08   2.4519e+07
7.8000e-01   3.2614e-08   2.3916e+07
8.0000e-01   3.2157e-08   2.4878e+07
8.2000e-01   3.6131e-08   2.2695e+07
8.4000e-01   3.3672e-08   2.4946e+07
8.6000e-01   3.7836e-08   2.2730e+07
8.8000e-01   3.9125e-08   2.2492e+07
9.0000e-01   4.1041e-08   2.1930e+07
9.2000e-01   4.2486e-08   2.1654e+07
9.4000e-01   4.2585e-08   2.2073e+07
9.6000e-01   4.4786e-08   2.1435e+07
9.8000e-01   4.6973e-08   2.0863e+07
1.0000e+00   4.8134e-08   2.0775e+07
1.0200e+00   5.1346e-08   1.9865e+07
1.0400e+00   5.3959e-08   1.9274e+07
1.0600e+00   5.5697e-08   1.9032e+07
1.0800e+00   5.5644e-08   1.9409e+07
1.1000e+00   5.5055e-08   1.9980e+07
1.1200e+00   5.7870e-08   1.9354e+07
1.1400e+00   5.9846e-08   1.9049e+07
1.1600e+00   6.2144e-08   1.8666e+07
1.1800e+00   6.5697e-08   1.7961e+07
1.2000e+00   6.7159e-08   1.7868e+07
1.2200e+00   6.9443e-08   1.7568e+07
1.2400e+00   7.4135e-08   1.6726e+07
1.2600e+00   7.5687e-08   1.6648e+07
1.2800e+00   7.8889e-08   1.6225e+07
1.3000e+00   8.1974e-08   1.5859e+07
1.3200e+00   8.7097e-08   1.5156e+07
1.3400e+00   8.7496e-08   1.5315e+07
1.3600e+00   8.4871e-08   1.6024e+07
1.3800e+00   9.1076e-08   1.5152e+07
1.4000e+00   9.3205e-08   1.5021e+07
1.4200e+00   9.6641e-08   1.4694e+07
1.4400e+00   9.9963e-08   1.4405e+07
1.4600e+00   1.0608e-07   1.3763e+07
1.4800e+00   1.0852e-07   1.3638e+07
1.5000e+00   1.1309e-07   1.3264e+07
1.5200e+00   1.1734e-07   1.2954e+07
1.5400e+00   1.1906e-07   1.2935e+07
1.5600e+00   1.2370e-07   1.2611e+07
1.5800e+00   1.2822e-07   1.2323e+07
1.6000e+00   1.2708e-07   1.2590e+07
1.6000e+00   1.3190e-07   1.2130e+07
1.5800e+00   1.2632e-07   1.2508e+07
1.5600e+00   1.2166e-07   1.2823e+07
1.5400e+00   1.1948e-07   1.2889e+07
1.5200e+00   1.1814e-07   1.2866e+07
1.5000e+00   1.1166e-07   1.3434e+07
1.4800e+00   1.0792e-07   1.3714e+07
1.4600e+00   1.0914e-07   1.3377e+07
1.4400e+00   1.0288e-07   1.3997e+07
1.4200e+00   9.9997e-08   1.4200e+07
1.4000e+00   9.6182e-08   1.4556e+07
1.3800e+00   9.1129e-08   1.5143e+07
1.3600e+00   8.9961e-08   1.5118e+07
1.3400e+00   8.6188e-08   1.5547e+07
1.3200e+00   8.3921e-08   1.5729e+07
1.3000e+00   8.0418e-08   1.6165e+07
1.2800e+00   7.6655e-08   1.6698e+07
1.2600e+00   7.5384e-08   1.6715e+07
1.2400e+00   7.2647e-08   1.7069e+07
1.2200e+00   6.9863e-08   1.7463e+07
1.2000e+00   6.7359e-08   1.7815e+07
1.1800e+00   6.3249e-08   1.8657e+07
1.1600e+00   6.1980e-08   1.8716e+07
1.1400e+00   5.8956e-08   1.9337e+07
1.1200e+00   5.7225e-08   1.9572e+07
1.1000e+00   5.5637e-08   1.9771e+07
1.0800e+00   5.2888e-08   2.0420e+07
1.0600e+00   5.2438e-08   2.0214e+07
1.0400e+00   4.9083e-08   2.1189e+07
1.0200e+00   4.7767e-08   2.1354e+07
1.0000e+00   4.5769e-08   2.1849e+07
9.8000e-01   4.1658e-08   2.3525e+07
9.6000e-01   4.0591e-08   2.3651e+07
9.4000e-01   4.0841e-08   2.3016e+07
9.2000e-01   3.7533e-08   2.4512e+07
9.0000e-01   3.6553e-08   2.4622e+07
8.8000e-01   3.2133e-08   2.7386e+07
8.6000e-01   3.1040e-08   2.7706e+07
8.4000e-01   2.9470e-08   2.8503e+07
8.2000e-01   2.9011e-08   2.8265e+07
8.0000e-01   2.6516e-08   3.0171e+07
7.8000e-01   2.6907e-08   2.8989e+07
7.6000e-01   2.7953e-08   2.7189e+07
7.4000e-01   2.6869e-08   2.7541e+07
7.2000e-01   2.6116e-08   2.7569e+07
7.0000e-01   2.4967e-08   2.8037e+07
6.8000e-01   2.3584e-08   2.8834e+07
6.6000e-01   2.2252e-08   2.9660e+07
6.4000e-01   1.9357e-08   3.3063e+07
6.2000e-01   2.1452e-08   2.8902e+07
6.0000e-01   1.9517e-08   3.0743e+07
5.8000e-01   1.7538e-08   3.3071e+07
5.6000e-01   1.7040e-08   3.2865e+07
5.4000e-01   1.6288e-08   3.3154e+07
5.2000e-01   1.5985e-08   3.2531e+07
5.0000e-01   1.5105e-08   3.3102e+07
4.8000e-01   1.4029e-08   3.4216e+07
4.6000e-01   1.3292e-08   3.4606e+07
4.4000e-01   1.2429e-08   3.5402e+07
4.2000e-01   1.0869e-08   3.8642e+07
4.0000e-01   1.0283e-08   3.8900e+07
3.8000e-01   8.5831e-09   4.4273e+07
3.6000e-01   9.3837e-09   3.8364e+07
3.4000e-01   9.0397e-09   3.7612e+07
3.2000e-01   7.5532e-09   4.2366e+07
3.0000e-01   6.9743e-09   4.3015e+07
2.8000e-01   5.4991e-09   5.0917e+07
2.6000e-01   5.5063e-09   4.7219e+07
2.4000e-01   5.0662e-09   4.7373e+07
2.2000e-01   4.2346e-09   5.1953e+07
2.0000e-01   3.7535e-09   5.3284e+07
1.8000e-01   3.2693e-09   5.5058e+07
1.6000e-01   2.7033e-09   5.9187e+07
1.4000e-01   2.0256e-09   6.9115e+07
1.2000e-01   1.9845e-09   6.0469e+07
1.0000e-01   1.4299e-09   6.9935e+07
8.0000e-02   1.0776e-09   7.4239e+07
6.0000e-02   5.9628e-10   1.0062e+08
4.0000e-02   3.3944e-10   1.1784e+08
2.0000e-02   -2.0410e-11   -9.7991e+08
0.0000e+00   -3.8051e-10   -0.0000e+00
