  Measurement Number     Measurement type
                 138                DC IV

      Measurement ID             SeriesID
       739603.560414                   64

         MeasureMode                Bias1                Bias2
                   2                   -1                  1.6

                Step  Positive compliance  Negative compliance
                0.02                  0.1                1e-06

  RealMeasuredPoints
                 264

        Bias        Current     Resistance
0.0000e+00   -8.3540e-11   -0.0000e+00
-2.0000e-02   -4.2366e-10   4.7208e+07
-4.0000e-02   -7.8035e-10   5.1259e+07
-6.0000e-02   -1.1282e-09   5.3182e+07
-8.0000e-02   -1.4991e-09   5.3365e+07
-1.0000e-01   -1.9917e-09   5.0208e+07
-1.2000e-01   -2.4492e-09   4.8996e+07
-1.4000e-01   -2.9627e-09   4.7254e+07
-1.6000e-01   -2.9597e-09   5.4060e+07
-1.8000e-01   -4.0057e-09   4.4936e+07
-2.0000e-01   -4.4067e-09   4.5385e+07
-2.2000e-01   -4.8306e-09   4.5543e+07
-2.4000e-01   -5.3936e-09   4.4497e+07
-2.6000e-01   -6.2494e-09   4.1604e+07
-2.8000e-01   -6.6828e-09   4.1899e+07
-3.0000e-01   -7.3008e-09   4.1091e+07
-3.2000e-01   -8.1606e-09   3.9213e+07
-3.4000e-01   -8.9735e-09   3.7889e+07
-3.6000e-01   -8.2010e-09   4.3897e+07
-3.8000e-01   -1.0896e-08   3.4876e+07
-4.0000e-01   -1.2054e-08   3.3184e+07
-4.2000e-01   -2.3977e-08   1.7517e+07
-4.4000e-01   -2.4956e-08   1.7631e+07
-4.6000e-01   -3.2969e-08   1.3952e+07
-4.8000e-01   -3.9247e-08   1.2230e+07
-5.0000e-01   -1.0236e-07   4.8847e+06
-5.2000e-01   -1.0000e-06   5.1999e+05
-5.4000e-01   -1.0000e-06   5.3998e+05
-5.6000e-01   -9.9998e-07   5.6001e+05
-5.8000e-01   -9.9998e-07   5.8001e+05
-6.0000e-01   -1.0001e-06   5.9995e+05
-6.2000e-01   -1.0000e-06   6.1999e+05
-6.4000e-01   -1.0000e-06   6.3999e+05
-6.6000e-01   -1.0000e-06   6.5997e+05
-6.8000e-01   -1.0000e-06   6.7999e+05
-7.0000e-01   -1.0000e-06   6.9997e+05
-7.2000e-01   -1.0000e-06   7.2000e+05
-7.4000e-01   -1.0000e-06   7.4000e+05
-7.6000e-01   -1.0000e-06   7.5998e+05
-7.8000e-01   -1.0000e-06   7.7998e+05
-8.0000e-01   -1.0000e-06   8.0000e+05
-8.2000e-01   -1.0000e-06   8.1998e+05
-8.4000e-01   -1.0000e-06   8.3998e+05
-8.6000e-01   -1.0000e-06   8.5998e+05
-8.8000e-01   -1.0000e-06   8.7996e+05
-9.0000e-01   -1.0000e-06   8.9998e+05
-9.2000e-01   -1.0000e-06   9.1998e+05
-9.4000e-01   -1.0000e-06   9.3998e+05
-9.6000e-01   -1.0000e-06   9.5998e+05
-9.8000e-01   -1.0000e-06   9.7998e+05
-1.0000e+00   -1.0001e-06   9.9994e+05
-1.0000e+00   -1.0000e-06   9.9998e+05
-9.8000e-01   -1.0000e-06   9.8000e+05
-9.6000e-01   -1.0000e-06   9.5996e+05
-9.4000e-01   -1.0000e-06   9.3998e+05
-9.2000e-01   -1.0001e-06   9.1994e+05
-9.0000e-01   -1.0000e-06   8.9998e+05
-8.8000e-01   -1.0000e-06   8.7998e+05
-8.6000e-01   -1.0000e-06   8.5998e+05
-8.4000e-01   -1.0000e-06   8.3998e+05
-8.2000e-01   -1.0000e-06   8.1997e+05
-8.0000e-01   -1.0000e-06   7.9997e+05
-7.8000e-01   -1.0000e-06   7.7997e+05
-7.6000e-01   -1.0000e-06   7.5998e+05
-7.4000e-01   -1.0000e-06   7.3999e+05
-7.2000e-01   -1.0000e-06   7.1999e+05
-7.0000e-01   -1.0000e-06   6.9997e+05
-6.8000e-01   -1.0000e-06   6.7999e+05
-6.6000e-01   -1.0000e-06   6.5999e+05
-6.4000e-01   -1.0000e-06   6.3997e+05
-6.2000e-01   -1.0000e-06   6.2000e+05
-6.0000e-01   -1.0000e-06   5.9999e+05
-5.8000e-01   -1.0000e-06   5.7999e+05
-5.6000e-01   -1.0000e-06   5.5998e+05
-5.4000e-01   -1.0000e-06   5.3998e+05
-5.2000e-01   -1.0000e-06   5.1999e+05
-5.0000e-01   -1.0000e-06   4.9999e+05
-4.8000e-01   -1.0000e-06   4.7998e+05
-4.6000e-01   -1.0000e-06   4.5999e+05
-4.4000e-01   -1.0000e-06   4.3998e+05
-4.2000e-01   -9.9508e-07   4.2208e+05
-4.0000e-01   -9.3840e-07   4.2626e+05
-3.8000e-01   -8.8878e-07   4.2755e+05
-3.6000e-01   -8.2072e-07   4.3864e+05
-3.4000e-01   -7.9896e-07   4.2555e+05
-3.2000e-01   -7.5094e-07   4.2613e+05
-3.0000e-01   -7.1536e-07   4.1937e+05
-2.8000e-01   -7.4858e-07   3.7404e+05
-2.6000e-01   -7.1436e-07   3.6396e+05
-2.4000e-01   -6.1018e-07   3.9333e+05
-2.2000e-01   -5.3432e-07   4.1174e+05
-2.0000e-01   -4.9936e-07   4.0051e+05
-1.8000e-01   -4.5502e-07   3.9559e+05
-1.6000e-01   -3.6344e-07   4.4024e+05
-1.4000e-01   -2.1408e-07   6.5396e+05
-1.2000e-01   -1.8656e-07   6.4322e+05
-1.0000e-01   -2.1002e-07   4.7615e+05
-8.0000e-02   -1.3738e-07   5.8233e+05
-6.0000e-02   -1.5080e-07   3.9788e+05
-4.0000e-02   -2.6622e-08   1.5025e+06
-2.0000e-02   -2.6716e-09   7.4862e+06
0.0000e+00   7.2820e-11   0.0000e+00
0.0000e+00   1.1570e-11   0.0000e+00
2.0000e-02   1.9473e-09   1.0271e+07
4.0000e-02   3.9386e-09   1.0156e+07
6.0000e-02   6.0588e-09   9.9030e+06
8.0000e-02   8.7898e-09   9.1015e+06
1.0000e-01   1.1691e-08   8.5537e+06
1.2000e-01   1.4941e-08   8.0317e+06
1.4000e-01   1.7983e-08   7.7850e+06
1.6000e-01   1.9272e-08   8.3021e+06
1.8000e-01   2.3695e-08   7.5967e+06
2.0000e-01   2.7739e-08   7.2100e+06
2.2000e-01   3.0406e-08   7.2354e+06
2.4000e-01   3.3839e-08   7.0924e+06
2.6000e-01   3.6927e-08   7.0409e+06
2.8000e-01   2.5408e-08   1.1020e+07
3.0000e-01   1.9400e-08   1.5464e+07
3.2000e-01   2.2841e-08   1.4010e+07
3.4000e-01   2.3615e-08   1.4397e+07
3.6000e-01   9.5232e-09   3.7802e+07
3.8000e-01   1.1261e-08   3.3744e+07
4.0000e-01   1.1471e-08   3.4870e+07
4.2000e-01   1.1830e-08   3.5503e+07
4.4000e-01   1.5161e-08   2.9021e+07
4.6000e-01   1.5739e-08   2.9226e+07
4.8000e-01   2.0922e-08   2.2943e+07
5.0000e-01   2.0071e-08   2.4912e+07
5.2000e-01   1.8243e-08   2.8504e+07
5.4000e-01   2.7447e-08   1.9674e+07
5.6000e-01   4.1192e-08   1.3595e+07
5.8000e-01   2.8020e-08   2.0700e+07
6.0000e-01   3.8467e-08   1.5598e+07
6.2000e-01   3.9280e-08   1.5784e+07
6.4000e-01   4.1930e-08   1.5264e+07
6.6000e-01   5.0153e-08   1.3160e+07
6.8000e-01   5.2536e-08   1.2944e+07
7.0000e-01   4.8973e-08   1.4293e+07
7.2000e-01   5.5761e-08   1.2912e+07
7.4000e-01   3.8324e-08   1.9309e+07
7.6000e-01   3.4218e-08   2.2211e+07
7.8000e-01   3.4492e-08   2.2614e+07
8.0000e-01   3.6686e-08   2.1807e+07
8.2000e-01   4.1579e-08   1.9721e+07
8.4000e-01   3.9009e-08   2.1533e+07
8.6000e-01   4.0673e-08   2.1144e+07
8.8000e-01   4.2116e-08   2.0895e+07
9.0000e-01   4.3613e-08   2.0636e+07
9.2000e-01   4.4672e-08   2.0595e+07
9.4000e-01   4.6663e-08   2.0145e+07
9.6000e-01   4.7810e-08   2.0080e+07
9.8000e-01   4.9556e-08   1.9775e+07
1.0000e+00   4.9838e-08   2.0065e+07
1.0200e+00   5.4108e-08   1.8851e+07
1.0400e+00   5.8034e-08   1.7920e+07
1.0600e+00   5.0028e-08   2.1188e+07
1.0800e+00   5.3414e-08   2.0219e+07
1.1000e+00   5.5149e-08   1.9946e+07
1.1200e+00   5.5043e-08   2.0348e+07
1.1400e+00   5.9339e-08   1.9212e+07
1.1600e+00   6.2318e-08   1.8614e+07
1.1800e+00   6.4911e-08   1.8179e+07
1.2000e+00   6.6171e-08   1.8135e+07
1.2200e+00   6.7883e-08   1.7972e+07
1.2400e+00   7.2503e-08   1.7103e+07
1.2600e+00   7.6882e-08   1.6389e+07
1.2800e+00   8.1524e-08   1.5701e+07
1.3000e+00   8.2507e-08   1.5756e+07
1.3200e+00   8.3957e-08   1.5722e+07
1.3400e+00   8.4140e-08   1.5926e+07
1.3600e+00   8.9408e-08   1.5211e+07
1.3800e+00   9.3182e-08   1.4810e+07
1.4000e+00   9.5029e-08   1.4732e+07
1.4200e+00   1.0574e-07   1.3430e+07
1.4400e+00   1.0182e-07   1.4142e+07
1.4600e+00   1.0637e-07   1.3726e+07
1.4800e+00   1.0508e-07   1.4085e+07
1.5000e+00   1.1250e-07   1.3333e+07
1.5200e+00   1.1786e-07   1.2897e+07
1.5400e+00   1.2120e-07   1.2706e+07
1.5600e+00   1.3684e-07   1.1400e+07
1.5800e+00   1.3098e-07   1.2063e+07
1.6000e+00   1.4094e-07   1.1352e+07
1.6000e+00   1.3542e-07   1.1815e+07
1.5800e+00   1.2634e-07   1.2506e+07
1.5600e+00   1.2894e-07   1.2099e+07
1.5400e+00   1.2354e-07   1.2466e+07
1.5200e+00   1.2582e-07   1.2081e+07
1.5000e+00   1.2434e-07   1.2064e+07
1.4800e+00   1.1430e-07   1.2948e+07
1.4600e+00   1.0672e-07   1.3681e+07
1.4400e+00   1.1062e-07   1.3018e+07
1.4200e+00   1.0548e-07   1.3462e+07
1.4000e+00   1.0980e-07   1.2750e+07
1.3800e+00   1.1282e-07   1.2232e+07
1.3600e+00   1.0248e-07   1.3271e+07
1.3400e+00   1.0056e-07   1.3325e+07
1.3200e+00   9.5238e-08   1.3860e+07
1.3000e+00   9.3077e-08   1.3967e+07
1.2800e+00   8.9404e-08   1.4317e+07
1.2600e+00   8.7168e-08   1.4455e+07
1.2400e+00   8.5329e-08   1.4532e+07
1.2200e+00   8.4421e-08   1.4451e+07
1.2000e+00   8.1481e-08   1.4727e+07
1.1800e+00   7.7307e-08   1.5264e+07
1.1600e+00   6.9332e-08   1.6731e+07
1.1400e+00   6.5609e-08   1.7376e+07
1.1200e+00   6.4064e-08   1.7482e+07
1.1000e+00   6.2074e-08   1.7721e+07
1.0800e+00   6.1111e-08   1.7673e+07
1.0600e+00   5.9776e-08   1.7733e+07
1.0400e+00   5.3730e-08   1.9356e+07
1.0200e+00   5.3203e-08   1.9172e+07
1.0000e+00   4.9856e-08   2.0058e+07
9.8000e-01   4.8702e-08   2.0122e+07
9.6000e-01   4.5941e-08   2.0897e+07
9.4000e-01   4.6821e-08   2.0076e+07
9.2000e-01   4.6053e-08   1.9977e+07
9.0000e-01   4.2903e-08   2.0977e+07
8.8000e-01   4.2259e-08   2.0824e+07
8.6000e-01   4.0137e-08   2.1427e+07
8.4000e-01   4.2382e-08   1.9820e+07
8.2000e-01   3.5847e-08   2.2875e+07
8.0000e-01   2.9920e-08   2.6738e+07
7.8000e-01   2.9032e-08   2.6867e+07
7.6000e-01   2.8832e-08   2.6360e+07
7.4000e-01   2.6785e-08   2.7627e+07
7.2000e-01   2.4850e-08   2.8973e+07
7.0000e-01   2.4036e-08   2.9122e+07
6.8000e-01   2.0779e-08   3.2725e+07
6.6000e-01   1.9672e-08   3.3550e+07
6.4000e-01   2.0153e-08   3.1756e+07
6.2000e-01   1.9332e-08   3.2071e+07
6.0000e-01   1.8157e-08   3.3045e+07
5.8000e-01   1.6847e-08   3.4427e+07
5.6000e-01   1.5951e-08   3.5107e+07
5.4000e-01   1.5245e-08   3.5422e+07
5.2000e-01   1.3784e-08   3.7725e+07
5.0000e-01   1.3389e-08   3.7343e+07
4.8000e-01   1.1995e-08   4.0017e+07
4.6000e-01   1.1527e-08   3.9905e+07
4.4000e-01   1.0922e-08   4.0285e+07
4.2000e-01   8.7684e-09   4.7899e+07
4.0000e-01   8.6671e-09   4.6152e+07
3.8000e-01   7.8814e-09   4.8215e+07
3.6000e-01   7.9124e-09   4.5498e+07
3.4000e-01   6.8989e-09   4.9283e+07
3.2000e-01   6.1975e-09   5.1634e+07
3.0000e-01   5.8128e-09   5.1610e+07
2.8000e-01   4.9814e-09   5.6209e+07
2.6000e-01   4.9042e-09   5.3016e+07
2.4000e-01   2.9536e-09   8.1257e+07
2.2000e-01   2.5707e-09   8.5580e+07
2.0000e-01   2.1323e-09   9.3795e+07
1.8000e-01   1.8775e-09   9.5872e+07
1.6000e-01   1.5975e-09   1.0016e+08
1.4000e-01   1.2386e-09   1.1303e+08
1.2000e-01   1.0297e-09   1.1654e+08
1.0000e-01   6.8132e-10   1.4677e+08
8.0000e-02   4.6434e-10   1.7229e+08
6.0000e-02   2.2948e-10   2.6146e+08
4.0000e-02   2.2270e-11   1.7961e+09
2.0000e-02   -1.8922e-10   -1.0570e+08
0.0000e+00   -3.8276e-10   -0.0000e+00
