  Measurement Number     Measurement type
                 153                DC IV

      Measurement ID             SeriesID
       739603.562076                    0

         MeasureMode                Bias1                Bias2
                   2                   -1                  1.6

                Step  Positive compliance  Negative compliance
                0.02                  0.1                1e-06

  RealMeasuredPoints
                 264

        Bias        Current     Resistance
0.0000e+00   4.8970e-11   0.0000e+00
-2.0000e-02   -7.7127e-09   2.5931e+06
-4.0000e-02   -1.2713e-08   3.1463e+06
-6.0000e-02   -2.1340e-08   2.8117e+06
-8.0000e-02   -2.5611e-08   3.1237e+06
-1.0000e-01   -2.9377e-08   3.4041e+06
-1.2000e-01   -3.5978e-08   3.3354e+06
-1.4000e-01   -4.2328e-08   3.3075e+06
-1.6000e-01   -4.7500e-08   3.3684e+06
-1.8000e-01   -5.5109e-08   3.2663e+06
-2.0000e-01   -6.3465e-08   3.1514e+06
-2.2000e-01   -6.8357e-08   3.2184e+06
-2.4000e-01   -7.5696e-08   3.1706e+06
-2.6000e-01   -9.1147e-08   2.8525e+06
-2.8000e-01   -9.0912e-08   3.0799e+06
-3.0000e-01   -9.5268e-08   3.1490e+06
-3.2000e-01   -1.7674e-07   1.8106e+06
-3.4000e-01   -2.0286e-07   1.6760e+06
-3.6000e-01   -2.3064e-07   1.5609e+06
-3.8000e-01   -2.1624e-07   1.7573e+06
-4.0000e-01   -1.5472e-07   2.5853e+06
-4.2000e-01   -2.2680e-07   1.8519e+06
-4.4000e-01   -2.4602e-07   1.7885e+06
-4.6000e-01   -2.6364e-07   1.7448e+06
-4.8000e-01   -2.9400e-07   1.6327e+06
-5.0000e-01   -2.2170e-07   2.2553e+06
-5.2000e-01   -2.9908e-07   1.7387e+06
-5.4000e-01   -9.5244e-07   5.6696e+05
-5.6000e-01   -8.1382e-07   6.8811e+05
-5.8000e-01   -1.0000e-06   5.7999e+05
-6.0000e-01   -1.0000e-06   5.9999e+05
-6.2000e-01   -1.0002e-06   6.1988e+05
-6.4000e-01   -1.0000e-06   6.3997e+05
-6.6000e-01   -1.0000e-06   6.5999e+05
-6.8000e-01   -1.0000e-06   6.7999e+05
-7.0000e-01   -9.9998e-07   7.0001e+05
-7.2000e-01   -9.8958e-07   7.2758e+05
-7.4000e-01   -1.0000e-06   7.4000e+05
-7.6000e-01   -1.0000e-06   7.5997e+05
-7.8000e-01   -1.0000e-06   7.7997e+05
-8.0000e-01   -1.0000e-06   8.0000e+05
-8.2000e-01   -1.0000e-06   8.2000e+05
-8.4000e-01   -9.9998e-07   8.4002e+05
-8.6000e-01   -1.0000e-06   8.5997e+05
-8.8000e-01   -1.0000e-06   8.7996e+05
-9.0000e-01   -1.0000e-06   8.9998e+05
-9.2000e-01   -1.0000e-06   9.1998e+05
-9.4000e-01   -1.0000e-06   9.3996e+05
-9.6000e-01   -1.0000e-06   9.6000e+05
-9.8000e-01   -1.0001e-06   9.7994e+05
-1.0000e+00   -1.0000e-06   9.9996e+05
-1.0000e+00   -1.0000e-06   9.9998e+05
-9.8000e-01   -1.0000e-06   9.7996e+05
-9.6000e-01   -1.0000e-06   9.5996e+05
-9.4000e-01   -1.0000e-06   9.3998e+05
-9.2000e-01   -1.0000e-06   9.1998e+05
-9.0000e-01   -1.0000e-06   8.9996e+05
-8.8000e-01   -1.0000e-06   8.7996e+05
-8.6000e-01   -1.0000e-06   8.5998e+05
-8.4000e-01   -1.0000e-06   8.4000e+05
-8.2000e-01   -1.0000e-06   8.1998e+05
-8.0000e-01   -1.0001e-06   7.9994e+05
-7.8000e-01   -1.0000e-06   7.7998e+05
-7.6000e-01   -1.0000e-06   7.5998e+05
-7.4000e-01   -1.0000e-06   7.3999e+05
-7.2000e-01   -1.0000e-06   7.1999e+05
-7.0000e-01   -1.0000e-06   6.9999e+05
-6.8000e-01   -1.0000e-06   6.7997e+05
-6.6000e-01   -1.0000e-06   6.5999e+05
-6.4000e-01   -1.0000e-06   6.3999e+05
-6.2000e-01   -1.0000e-06   6.1999e+05
-6.0000e-01   -1.0000e-06   5.9999e+05
-5.8000e-01   -1.0000e-06   5.7999e+05
-5.6000e-01   -1.0000e-06   5.5999e+05
-5.4000e-01   -1.0000e-06   5.3998e+05
-5.2000e-01   -1.0000e-06   5.1998e+05
-5.0000e-01   -9.7828e-07   5.1110e+05
-4.8000e-01   -9.8898e-07   4.8535e+05
-4.6000e-01   -9.5384e-07   4.8226e+05
-4.4000e-01   -1.0000e-06   4.3999e+05
-4.2000e-01   -8.6922e-07   4.8319e+05
-4.0000e-01   -7.4222e-07   5.3892e+05
-3.8000e-01   -7.9004e-07   4.8099e+05
-3.6000e-01   -6.4176e-07   5.6096e+05
-3.4000e-01   -6.1670e-07   5.5132e+05
-3.2000e-01   -5.7514e-07   5.5639e+05
-3.0000e-01   -5.4642e-07   5.4903e+05
-2.8000e-01   -4.3946e-07   6.3715e+05
-2.6000e-01   -3.6964e-07   7.0339e+05
-2.4000e-01   -3.4328e-07   6.9914e+05
-2.2000e-01   -3.0330e-07   7.2535e+05
-2.0000e-01   -2.7028e-07   7.3997e+05
-1.8000e-01   -2.6762e-07   6.7260e+05
-1.6000e-01   -2.4182e-07   6.6165e+05
-1.4000e-01   -1.6132e-07   8.6784e+05
-1.2000e-01   -1.3484e-07   8.8994e+05
-1.0000e-01   -9.0040e-08   1.1106e+06
-8.0000e-02   -6.2516e-08   1.2797e+06
-6.0000e-02   -5.9057e-08   1.0160e+06
-4.0000e-02   -4.1985e-08   9.5271e+05
-2.0000e-02   -1.9491e-08   1.0261e+06
0.0000e+00   2.0896e-10   0.0000e+00
0.0000e+00   2.5036e-10   0.0000e+00
2.0000e-02   2.9576e-08   6.7622e+05
4.0000e-02   5.9712e-08   6.6989e+05
6.0000e-02   8.8423e-08   6.7856e+05
8.0000e-02   1.2690e-07   6.3042e+05
1.0000e-01   1.5770e-07   6.3412e+05
1.2000e-01   1.7222e-07   6.9678e+05
1.4000e-01   2.0690e-07   6.7666e+05
1.6000e-01   2.6510e-07   6.0355e+05
1.8000e-01   2.8830e-07   6.2435e+05
2.0000e-01   2.9698e-07   6.7345e+05
2.2000e-01   3.4238e-07   6.4256e+05
2.4000e-01   4.3908e-07   5.4660e+05
2.6000e-01   4.4600e-07   5.8296e+05
2.8000e-01   4.8078e-07   5.8239e+05
3.0000e-01   6.2862e-07   4.7724e+05
3.2000e-01   7.4006e-07   4.3240e+05
3.4000e-01   7.1956e-07   4.7251e+05
3.6000e-01   8.3478e-07   4.3125e+05
3.8000e-01   8.7466e-07   4.3445e+05
4.0000e-01   8.9806e-07   4.4540e+05
4.2000e-01   9.9506e-07   4.2209e+05
4.4000e-01   1.0726e-06   4.1023e+05
4.6000e-01   1.2217e-06   3.7652e+05
4.8000e-01   1.2389e-06   3.8744e+05
5.0000e-01   1.2737e-06   3.9256e+05
5.2000e-01   1.4356e-06   3.6222e+05
5.4000e-01   1.3746e-06   3.9284e+05
5.6000e-01   2.0931e-06   2.6755e+05
5.8000e-01   2.0115e-06   2.8834e+05
6.0000e-01   1.9859e-06   3.0213e+05
6.2000e-01   3.5574e-06   1.7428e+05
6.4000e-01   3.1641e-06   2.0227e+05
6.6000e-01   2.1676e-06   3.0448e+05
6.8000e-01   2.0068e-06   3.3885e+05
7.0000e-01   2.1139e-06   3.3114e+05
7.2000e-01   2.2427e-06   3.2104e+05
7.4000e-01   2.4770e-06   2.9875e+05
7.6000e-01   2.5831e-06   2.9422e+05
7.8000e-01   2.9833e-06   2.6146e+05
8.0000e-01   2.8021e-06   2.8550e+05
8.2000e-01   2.5469e-06   3.2196e+05
8.4000e-01   1.9732e-06   4.2570e+05
8.6000e-01   2.6685e-06   3.2228e+05
8.8000e-01   1.9678e-06   4.4720e+05
9.0000e-01   2.0536e-06   4.3825e+05
9.2000e-01   2.1465e-06   4.2860e+05
9.4000e-01   5.3342e-07   1.7622e+06
9.6000e-01   5.6844e-07   1.6888e+06
9.8000e-01   5.1938e-07   1.8869e+06
1.0000e+00   5.8682e-07   1.7041e+06
1.0200e+00   6.3800e-07   1.5987e+06
1.0400e+00   6.7952e-07   1.5305e+06
1.0600e+00   6.6582e-07   1.5920e+06
1.0800e+00   6.7476e-07   1.6006e+06
1.1000e+00   6.7864e-07   1.6209e+06
1.1200e+00   7.2994e-07   1.5344e+06
1.1400e+00   3.8562e-07   2.9563e+06
1.1600e+00   3.4578e-07   3.3547e+06
1.1800e+00   3.0478e-07   3.8716e+06
1.2000e+00   5.0478e-07   2.3773e+06
1.2200e+00   2.3790e-07   5.1282e+06
1.2400e+00   2.9196e-07   4.2472e+06
1.2600e+00   2.6130e-07   4.8220e+06
1.2800e+00   3.3442e-07   3.8275e+06
1.3000e+00   2.2936e-07   5.6679e+06
1.3200e+00   2.6824e-07   4.9210e+06
1.3400e+00   2.2138e-07   6.0529e+06
1.3600e+00   3.6746e-07   3.7011e+06
1.3800e+00   2.6332e-07   5.2408e+06
1.4000e+00   3.8996e-07   3.5901e+06
1.4200e+00   3.9992e-07   3.5507e+06
1.4400e+00   4.0080e-07   3.5928e+06
1.4600e+00   3.3144e-07   4.4050e+06
1.4800e+00   4.3732e-07   3.3842e+06
1.5000e+00   3.8822e-07   3.8638e+06
1.5200e+00   4.4246e-07   3.4353e+06
1.5400e+00   4.5118e-07   3.4133e+06
1.5600e+00   5.0396e-07   3.0955e+06
1.5800e+00   5.2740e-07   2.9958e+06
1.6000e+00   5.2956e-07   3.0214e+06
1.6000e+00   5.4744e-07   2.9227e+06
1.5800e+00   7.7852e-07   2.0295e+06
1.5600e+00   6.5360e-07   2.3868e+06
1.5400e+00   6.8614e-07   2.2444e+06
1.5200e+00   6.7526e-07   2.2510e+06
1.5000e+00   8.8432e-07   1.6962e+06
1.4800e+00   6.6478e-07   2.2263e+06
1.4600e+00   1.2741e-06   1.1459e+06
1.4400e+00   1.3031e-06   1.1051e+06
1.4200e+00   1.3656e-06   1.0398e+06
1.4000e+00   1.6150e-06   8.6687e+05
1.3800e+00   1.6039e-06   8.6040e+05
1.3600e+00   1.5330e-06   8.8715e+05
1.3400e+00   1.4699e-06   9.1163e+05
1.3200e+00   1.3148e-06   1.0040e+06
1.3000e+00   1.3936e-06   9.3284e+05
1.2800e+00   1.3845e-06   9.2452e+05
1.2600e+00   1.3465e-06   9.3576e+05
1.2400e+00   1.2868e-06   9.6363e+05
1.2200e+00   1.3566e-06   8.9931e+05
1.2000e+00   1.3505e-06   8.8856e+05
1.1800e+00   1.4011e-06   8.4220e+05
1.1600e+00   1.2169e-06   9.5324e+05
1.1400e+00   1.1920e-06   9.5638e+05
1.1200e+00   1.1443e-06   9.7876e+05
1.1000e+00   1.1528e-06   9.5420e+05
1.0800e+00   1.6404e-06   6.5838e+05
1.0600e+00   1.5366e-06   6.8983e+05
1.0400e+00   2.0345e-06   5.1118e+05
1.0200e+00   1.4419e-06   7.0740e+05
1.0000e+00   4.5622e-07   2.1919e+06
9.8000e-01   4.9636e-07   1.9744e+06
9.6000e-01   2.0136e-07   4.7676e+06
9.4000e-01   2.0348e-07   4.6196e+06
9.2000e-01   2.4438e-07   3.7646e+06
9.0000e-01   2.3184e-07   3.8820e+06
8.8000e-01   2.2520e-07   3.9076e+06
8.6000e-01   2.1844e-07   3.9370e+06
8.4000e-01   2.1330e-07   3.9381e+06
8.2000e-01   2.0918e-07   3.9201e+06
8.0000e-01   1.6086e-07   4.9733e+06
7.8000e-01   1.8276e-07   4.2679e+06
7.6000e-01   1.6670e-07   4.5591e+06
7.4000e-01   2.0088e-07   3.6838e+06
7.2000e-01   2.0448e-07   3.5211e+06
7.0000e-01   1.8302e-07   3.8247e+06
6.8000e-01   1.6492e-07   4.1232e+06
6.6000e-01   1.6852e-07   3.9164e+06
6.4000e-01   1.7480e-07   3.6613e+06
6.2000e-01   1.7452e-07   3.5526e+06
6.0000e-01   1.5308e-07   3.9195e+06
5.8000e-01   1.3244e-07   4.3793e+06
5.6000e-01   1.2712e-07   4.4053e+06
5.4000e-01   1.2426e-07   4.3457e+06
5.2000e-01   1.1956e-07   4.3493e+06
5.0000e-01   1.1506e-07   4.3456e+06
4.8000e-01   1.3802e-07   3.4778e+06
4.6000e-01   1.2270e-07   3.7490e+06
4.4000e-01   1.1160e-07   3.9427e+06
4.2000e-01   1.0328e-07   4.0666e+06
4.0000e-01   1.1000e-07   3.6364e+06
3.8000e-01   1.2204e-07   3.1137e+06
3.6000e-01   9.9320e-08   3.6246e+06
3.4000e-01   9.9640e-08   3.4123e+06
3.2000e-01   9.0317e-08   3.5431e+06
3.0000e-01   8.3997e-08   3.5716e+06
2.8000e-01   8.5860e-08   3.2611e+06
2.6000e-01   7.1072e-08   3.6583e+06
2.4000e-01   7.0710e-08   3.3942e+06
2.2000e-01   6.4000e-08   3.4375e+06
2.0000e-01   5.2575e-08   3.8041e+06
1.8000e-01   4.8435e-08   3.7164e+06
1.6000e-01   4.2946e-08   3.7256e+06
1.4000e-01   3.8114e-08   3.6732e+06
1.2000e-01   3.1555e-08   3.8029e+06
1.0000e-01   2.6896e-08   3.7181e+06
8.0000e-02   2.1093e-08   3.7928e+06
6.0000e-02   1.6365e-08   3.6664e+06
4.0000e-02   1.0718e-08   3.7320e+06
2.0000e-02   4.4320e-09   4.5126e+06
0.0000e+00   -3.5144e-10   -0.0000e+00
