  Measurement Number     Measurement type
                 155                DC IV

      Measurement ID             SeriesID
       739603.562530                    0

         MeasureMode                Bias1                Bias2
                   2                   -1                  1.6

                Step  Positive compliance  Negative compliance
                0.02                  0.1                1e-06

  RealMeasuredPoints
                 264

        Bias        Current     Resistance
0.0000e+00   -3.5200e-12   -0.0000e+00
-2.0000e-02   -4.7996e-10   4.1670e+07
-4.0000e-02   -8.4167e-10   4.7525e+07
-6.0000e-02   -1.3941e-09   4.3039e+07
-8.0000e-02   -1.7597e-09   4.5462e+07
-1.0000e-01   -2.2518e-09   4.4409e+07
-1.2000e-01   -2.6013e-09   4.6131e+07
-1.4000e-01   -3.0746e-09   4.5534e+07
-1.6000e-01   -3.5560e-09   4.4994e+07
-1.8000e-01   -4.3690e-09   4.1199e+07
-2.0000e-01   -4.5410e-09   4.4043e+07
-2.2000e-01   -4.9395e-09   4.4539e+07
-2.4000e-01   -6.1511e-09   3.9017e+07
-2.6000e-01   -7.0717e-09   3.6766e+07
-2.8000e-01   -8.3965e-09   3.3347e+07
-3.0000e-01   -8.4116e-09   3.5665e+07
-3.2000e-01   -9.0605e-09   3.5318e+07
-3.4000e-01   -9.6252e-09   3.5324e+07
-3.6000e-01   -5.1961e-08   6.9283e+06
-3.8000e-01   -5.5821e-08   6.8075e+06
-4.0000e-01   -1.7990e-08   2.2235e+07
-4.2000e-01   -1.9877e-08   2.1130e+07
-4.4000e-01   -1.9445e-08   2.2628e+07
-4.6000e-01   -2.9992e-08   1.5338e+07
-4.8000e-01   -1.1000e-07   4.3636e+06
-5.0000e-01   -1.1456e-07   4.3645e+06
-5.2000e-01   -1.4686e-07   3.5408e+06
-5.4000e-01   -1.9420e-07   2.7806e+06
-5.6000e-01   -1.8636e-07   3.0049e+06
-5.8000e-01   -2.5540e-07   2.2709e+06
-6.0000e-01   -1.7458e-07   3.4368e+06
-6.2000e-01   -6.0088e-07   1.0318e+06
-6.4000e-01   -9.8070e-07   6.5260e+05
-6.6000e-01   -1.0000e-06   6.5997e+05
-6.8000e-01   -9.9316e-07   6.8468e+05
-7.0000e-01   -1.0000e-06   6.9999e+05
-7.2000e-01   -1.0000e-06   7.1997e+05
-7.4000e-01   -1.0000e-06   7.3999e+05
-7.6000e-01   -1.0000e-06   7.5998e+05
-7.8000e-01   -1.0000e-06   7.7998e+05
-8.0000e-01   -1.0000e-06   7.9997e+05
-8.2000e-01   -1.0000e-06   8.1998e+05
-8.4000e-01   -1.0000e-06   8.3998e+05
-8.6000e-01   -1.0000e-06   8.5998e+05
-8.8000e-01   -1.0000e-06   8.7998e+05
-9.0000e-01   -1.0000e-06   8.9996e+05
-9.2000e-01   -1.0000e-06   9.1996e+05
-9.4000e-01   -1.0000e-06   9.3998e+05
-9.6000e-01   -1.0000e-06   9.5998e+05
-9.8000e-01   -1.0000e-06   9.7998e+05
-1.0000e+00   -1.0000e-06   9.9996e+05
-1.0000e+00   -1.0000e-06   9.9998e+05
-9.8000e-01   -1.0000e-06   9.7998e+05
-9.6000e-01   -1.0000e-06   9.5998e+05
-9.4000e-01   -1.0000e-06   9.3998e+05
-9.2000e-01   -1.0000e-06   9.1998e+05
-9.0000e-01   -1.0000e-06   8.9996e+05
-8.8000e-01   -1.0000e-06   8.7998e+05
-8.6000e-01   -1.0000e-06   8.5998e+05
-8.4000e-01   -1.0000e-06   8.3997e+05
-8.2000e-01   -1.0000e-06   8.1998e+05
-8.0000e-01   -1.0000e-06   7.9998e+05
-7.8000e-01   -1.0000e-06   7.7998e+05
-7.6000e-01   -1.0000e-06   7.5998e+05
-7.4000e-01   -1.0000e-06   7.4000e+05
-7.2000e-01   -1.0000e-06   7.1999e+05
-7.0000e-01   -1.0000e-06   6.9999e+05
-6.8000e-01   -1.0000e-06   6.7997e+05
-6.6000e-01   -1.0000e-06   6.5999e+05
-6.4000e-01   -1.0000e-06   6.3999e+05
-6.2000e-01   -1.0000e-06   6.2000e+05
-6.0000e-01   -1.0000e-06   5.9999e+05
-5.8000e-01   -1.0000e-06   5.7998e+05
-5.6000e-01   -1.0000e-06   5.5998e+05
-5.4000e-01   -1.0000e-06   5.3998e+05
-5.2000e-01   -1.0000e-06   5.1999e+05
-5.0000e-01   -1.0000e-06   4.9999e+05
-4.8000e-01   -1.0000e-06   4.7999e+05
-4.6000e-01   -1.0000e-06   4.5998e+05
-4.4000e-01   -1.0000e-06   4.3999e+05
-4.2000e-01   -9.9054e-07   4.2401e+05
-4.0000e-01   -9.3478e-07   4.2791e+05
-3.8000e-01   -8.7170e-07   4.3593e+05
-3.6000e-01   -8.3382e-07   4.3175e+05
-3.4000e-01   -8.0442e-07   4.2266e+05
-3.2000e-01   -7.1666e-07   4.4652e+05
-3.0000e-01   -6.9018e-07   4.3467e+05
-2.8000e-01   -6.4108e-07   4.3676e+05
-2.6000e-01   -5.8512e-07   4.4435e+05
-2.4000e-01   -5.5844e-07   4.2977e+05
-2.2000e-01   -4.3782e-07   5.0249e+05
-2.0000e-01   -4.0708e-07   4.9130e+05
-1.8000e-01   -3.5288e-07   5.1009e+05
-1.6000e-01   -3.1348e-07   5.1040e+05
-1.4000e-01   -2.7074e-07   5.1710e+05
-1.2000e-01   -2.4408e-07   4.9164e+05
-1.0000e-01   -1.6860e-07   5.9312e+05
-8.0000e-02   -1.3626e-07   5.8711e+05
-6.0000e-02   -9.8655e-08   6.0818e+05
-4.0000e-02   -7.0534e-08   5.6710e+05
-2.0000e-02   -3.3403e-08   5.9875e+05
0.0000e+00   3.6925e-10   0.0000e+00
0.0000e+00   3.8933e-10   0.0000e+00
2.0000e-02   3.9556e-08   5.0561e+05
4.0000e-02   8.0570e-08   4.9646e+05
6.0000e-02   1.0696e-07   5.6096e+05
8.0000e-02   1.4374e-07   5.5656e+05
1.0000e-01   1.8022e-07   5.5488e+05
1.2000e-01   2.1004e-07   5.7132e+05
1.4000e-01   2.4484e-07   5.7180e+05
1.6000e-01   3.0286e-07   5.2830e+05
1.8000e-01   2.2654e-07   7.9456e+05
2.0000e-01   2.5048e-07   7.9847e+05
2.2000e-01   3.2408e-07   6.7884e+05
2.4000e-01   3.6340e-07   6.6043e+05
2.6000e-01   3.8816e-07   6.6983e+05
2.8000e-01   3.9228e-07   7.1378e+05
3.0000e-01   4.2950e-07   6.9849e+05
3.2000e-01   3.8744e-07   8.2593e+05
3.4000e-01   4.5676e-07   7.4437e+05
3.6000e-01   5.0162e-07   7.1767e+05
3.8000e-01   6.4046e-07   5.9332e+05
4.0000e-01   5.5076e-07   7.2627e+05
4.2000e-01   4.9750e-07   8.4422e+05
4.4000e-01   5.6810e-07   7.7451e+05
4.6000e-01   5.4352e-07   8.4634e+05
4.8000e-01   5.8844e-07   8.1572e+05
5.0000e-01   6.0556e-07   8.2568e+05
5.2000e-01   6.9094e-07   7.5260e+05
5.4000e-01   5.9966e-07   9.0051e+05
5.6000e-01   4.2644e-07   1.3132e+06
5.8000e-01   3.6884e-07   1.5725e+06
6.0000e-01   2.9780e-07   2.0148e+06
6.2000e-01   3.3548e-07   1.8481e+06
6.4000e-01   3.0332e-07   2.1100e+06
6.6000e-01   3.3598e-07   1.9644e+06
6.8000e-01   3.8350e-07   1.7731e+06
7.0000e-01   3.9220e-07   1.7848e+06
7.2000e-01   4.3410e-07   1.6586e+06
7.4000e-01   5.9232e-07   1.2493e+06
7.6000e-01   4.4332e-07   1.7143e+06
7.8000e-01   1.6824e-06   4.6362e+05
8.0000e-01   9.6540e-08   8.2867e+06
8.2000e-01   1.2462e-07   6.5800e+06
8.4000e-01   8.8140e-08   9.5303e+06
8.6000e-01   8.4495e-08   1.0178e+07
8.8000e-01   9.5410e-08   9.2234e+06
9.0000e-01   9.4162e-08   9.5580e+06
9.2000e-01   6.5312e-08   1.4086e+07
9.4000e-01   7.3958e-08   1.2710e+07
9.6000e-01   1.0912e-07   8.7977e+06
9.8000e-01   1.0680e-07   9.1760e+06
1.0000e+00   9.9560e-08   1.0044e+07
1.0200e+00   9.9027e-08   1.0300e+07
1.0400e+00   9.3958e-08   1.1069e+07
1.0600e+00   8.8920e-08   1.1921e+07
1.0800e+00   8.7265e-08   1.2376e+07
1.1000e+00   9.8420e-08   1.1177e+07
1.1200e+00   1.0616e-07   1.0550e+07
1.1400e+00   1.1808e-07   9.6545e+06
1.1600e+00   1.6210e-07   7.1561e+06
1.1800e+00   5.5686e-07   2.1190e+06
1.2000e+00   4.0138e-07   2.9897e+06
1.2200e+00   1.7914e-07   6.8103e+06
1.2400e+00   1.3216e-07   9.3826e+06
1.2600e+00   1.4758e-07   8.5377e+06
1.2800e+00   1.7044e-07   7.5100e+06
1.3000e+00   1.6330e-07   7.9608e+06
1.3200e+00   1.5750e-07   8.3810e+06
1.3400e+00   1.9498e-07   6.8725e+06
1.3600e+00   1.8152e-07   7.4923e+06
1.3800e+00   1.8270e-07   7.5534e+06
1.4000e+00   1.9974e-07   7.0091e+06
1.4200e+00   1.5628e-07   9.0863e+06
1.4400e+00   1.9468e-07   7.3968e+06
1.4600e+00   2.4240e-07   6.0231e+06
1.4800e+00   2.4160e-07   6.1258e+06
1.5000e+00   2.4860e-07   6.0338e+06
1.5200e+00   2.6770e-07   5.6780e+06
1.5400e+00   1.8406e-07   8.3668e+06
1.5600e+00   1.6730e-07   9.3246e+06
1.5800e+00   1.6960e-07   9.3160e+06
1.6000e+00   2.4052e-07   6.6523e+06
1.6000e+00   2.5354e-07   6.3106e+06
1.5800e+00   2.2800e-07   6.9298e+06
1.5600e+00   1.8596e-07   8.3889e+06
1.5400e+00   2.0352e-07   7.5668e+06
1.5200e+00   1.4946e-07   1.0170e+07
1.5000e+00   1.4236e-07   1.0537e+07
1.4800e+00   1.4048e-07   1.0535e+07
1.4600e+00   1.3230e-07   1.1036e+07
1.4400e+00   1.3172e-07   1.0932e+07
1.4200e+00   1.2662e-07   1.1215e+07
1.4000e+00   1.1720e-07   1.1945e+07
1.3800e+00   1.1090e-07   1.2444e+07
1.3600e+00   1.0688e-07   1.2725e+07
1.3400e+00   1.0990e-07   1.2193e+07
1.3200e+00   1.0070e-07   1.3108e+07
1.3000e+00   1.0162e-07   1.2793e+07
1.2800e+00   9.4353e-08   1.3566e+07
1.2600e+00   8.9876e-08   1.4019e+07
1.2400e+00   8.6184e-08   1.4388e+07
1.2200e+00   8.3429e-08   1.4623e+07
1.2000e+00   7.8287e-08   1.5328e+07
1.1800e+00   7.8140e-08   1.5101e+07
1.1600e+00   7.5893e-08   1.5285e+07
1.1400e+00   7.3846e-08   1.5437e+07
1.1200e+00   7.1742e-08   1.5611e+07
1.1000e+00   6.9897e-08   1.5737e+07
1.0800e+00   6.6294e-08   1.6291e+07
1.0600e+00   6.6845e-08   1.5858e+07
1.0400e+00   6.7526e-08   1.5401e+07
1.0200e+00   6.0670e-08   1.6812e+07
1.0000e+00   5.2732e-08   1.8964e+07
9.8000e-01   4.9197e-08   1.9920e+07
9.6000e-01   5.2017e-08   1.8456e+07
9.4000e-01   5.1723e-08   1.8174e+07
9.2000e-01   4.9855e-08   1.8454e+07
9.0000e-01   4.8925e-08   1.8396e+07
8.8000e-01   4.6783e-08   1.8810e+07
8.6000e-01   4.4915e-08   1.9147e+07
8.4000e-01   4.2986e-08   1.9541e+07
8.2000e-01   4.2403e-08   1.9338e+07
8.0000e-01   4.3538e-08   1.8375e+07
7.8000e-01   4.3774e-08   1.7819e+07
7.6000e-01   4.1655e-08   1.8245e+07
7.4000e-01   4.8768e-08   1.5174e+07
7.2000e-01   5.9336e-08   1.2134e+07
7.0000e-01   5.8776e-08   1.1910e+07
6.8000e-01   5.1373e-08   1.3237e+07
6.6000e-01   5.2175e-08   1.2650e+07
6.4000e-01   5.1907e-08   1.2330e+07
6.2000e-01   4.9786e-08   1.2453e+07
6.0000e-01   4.8386e-08   1.2400e+07
5.8000e-01   4.6314e-08   1.2523e+07
5.6000e-01   4.8115e-08   1.1639e+07
5.4000e-01   3.9944e-08   1.3519e+07
5.2000e-01   4.2073e-08   1.2360e+07
5.0000e-01   3.7945e-08   1.3177e+07
4.8000e-01   3.3191e-08   1.4462e+07
4.6000e-01   3.4471e-08   1.3344e+07
4.4000e-01   3.0331e-08   1.4507e+07
4.2000e-01   2.9758e-08   1.4114e+07
4.0000e-01   2.4351e-08   1.6427e+07
3.8000e-01   2.0882e-08   1.8198e+07
3.6000e-01   2.0007e-08   1.7994e+07
3.4000e-01   1.9572e-08   1.7372e+07
3.2000e-01   1.8683e-08   1.7128e+07
3.0000e-01   3.8543e-08   7.7836e+06
2.8000e-01   3.8420e-08   7.2879e+06
2.6000e-01   3.3166e-08   7.8393e+06
2.4000e-01   3.0694e-08   7.8192e+06
2.2000e-01   2.6105e-08   8.4275e+06
2.0000e-01   2.3338e-08   8.5696e+06
1.8000e-01   2.4418e-08   7.3715e+06
1.6000e-01   2.3570e-08   6.7883e+06
1.4000e-01   2.5817e-08   5.4227e+06
1.2000e-01   1.8659e-08   6.4311e+06
1.0000e-01   1.6982e-08   5.8887e+06
8.0000e-02   1.3470e-08   5.9390e+06
6.0000e-02   1.0082e-08   5.9513e+06
4.0000e-02   5.6499e-09   7.0798e+06
2.0000e-02   3.0757e-09   6.5026e+06
0.0000e+00   -4.1339e-10   -0.0000e+00
