  Measurement Number     Measurement type
                   2                DC IV

      Measurement ID             SeriesID
       739668.768901                    0

         MeasureMode                Bias1                Bias2
                   2                  2.5                   -1

                Step  Positive compliance  Negative compliance
                0.05                1e-05                1e-05

  RealMeasuredPoints
                 144

        Bias        Current     Resistance
0.0000e+00   3.9200e-12   0.0000e+00
5.0000e-02   1.0000e-12   5.0000e+10
1.0000e-01   -6.0000e-13   -1.6667e+11
1.5000e-01   1.0800e-11   1.3889e+10
2.0000e-01   7.5200e-12   2.6596e+10
2.5000e-01   -6.4000e-13   -3.9062e+11
3.0000e-01   -3.3800e-12   -8.8757e+10
3.5000e-01   3.2100e-12   1.0903e+11
4.0000e-01   5.1200e-12   7.8125e+10
4.5000e-01   -7.7400e-12   -5.8140e+10
5.0000e-01   6.5000e-13   7.6923e+11
5.5000e-01   3.9900e-12   1.3784e+11
6.0000e-01   6.0000e-12   1.0000e+11
6.5000e-01   4.6100e-12   1.4100e+11
7.0000e-01   2.0600e-12   3.3981e+11
7.5000e-01   1.4850e-11   5.0505e+10
8.0000e-01   1.4470e-11   5.5287e+10
8.5000e-01   8.3700e-12   1.0155e+11
9.0000e-01   1.1740e-11   7.6661e+10
9.5000e-01   2.5540e-11   3.7197e+10
1.0000e+00   2.8670e-11   3.4880e+10
1.0500e+00   3.2990e-11   3.1828e+10
1.1000e+00   7.8160e-11   1.4074e+10
1.1500e+00   1.3208e-10   8.7068e+09
1.2000e+00   1.2361e-10   9.7080e+09
1.2500e+00   1.1297e-10   1.1065e+10
1.3000e+00   2.2113e-10   5.8789e+09
1.3500e+00   2.1686e-10   6.2252e+09
1.4000e+00   1.9530e-10   7.1685e+09
1.4500e+00   1.8588e-10   7.8007e+09
1.5000e+00   3.2609e-10   4.6000e+09
1.5500e+00   5.6830e-10   2.7274e+09
1.6000e+00   1.9742e-10   8.1045e+09
1.6500e+00   2.5430e-10   6.4884e+09
1.7000e+00   4.0444e-10   4.2033e+09
1.7500e+00   1.6896e-09   1.0357e+09
1.8000e+00   2.1047e-09   8.5523e+08
1.8500e+00   3.8851e-09   4.7618e+08
1.9000e+00   9.4306e-09   2.0147e+08
1.9500e+00   1.0521e-08   1.8534e+08
2.0000e+00   1.2246e-08   1.6331e+08
2.0500e+00   1.0772e-08   1.9032e+08
2.1000e+00   1.9722e-08   1.0648e+08
2.1500e+00   2.7865e-08   7.7157e+07
2.2000e+00   1.8879e-08   1.1653e+08
2.2500e+00   4.2866e-08   5.2489e+07
2.3000e+00   7.2800e-09   3.1593e+08
2.3500e+00   8.9004e-09   2.6403e+08
2.4000e+00   7.1920e-09   3.3370e+08
2.4500e+00   1.0943e-08   2.2388e+08
2.5000e+00   1.2698e-08   1.9689e+08
2.5000e+00   1.2643e-08   1.9774e+08
2.4500e+00   1.0000e-05   2.4500e+05
2.4000e+00   9.9999e-06   2.4000e+05
2.3500e+00   9.9998e-06   2.3500e+05
2.3000e+00   9.9999e-06   2.3000e+05
2.2500e+00   1.0000e-05   2.2500e+05
2.2000e+00   9.9999e-06   2.2000e+05
2.1500e+00   9.9999e-06   2.1500e+05
2.1000e+00   9.9999e-06   2.1000e+05
2.0500e+00   9.9999e-06   2.0500e+05
2.0000e+00   9.9999e-06   2.0000e+05
1.9500e+00   9.9999e-06   1.9500e+05
1.9000e+00   9.9998e-06   1.9000e+05
1.8500e+00   1.0000e-05   1.8500e+05
1.8000e+00   9.9999e-06   1.8000e+05
1.7500e+00   9.9999e-06   1.7500e+05
1.7000e+00   9.9999e-06   1.7000e+05
1.6500e+00   9.9999e-06   1.6500e+05
1.6000e+00   9.9999e-06   1.6000e+05
1.5500e+00   9.9999e-06   1.5500e+05
1.5000e+00   9.9999e-06   1.5000e+05
1.4500e+00   1.0000e-05   1.4500e+05
1.4000e+00   9.9999e-06   1.4000e+05
1.3500e+00   1.0000e-05   1.3500e+05
1.3000e+00   9.9999e-06   1.3000e+05
1.2500e+00   1.0000e-05   1.2500e+05
1.2000e+00   1.0000e-05   1.2000e+05
1.1500e+00   9.9999e-06   1.1500e+05
1.1000e+00   9.9999e-06   1.1000e+05
1.0500e+00   9.9999e-06   1.0500e+05
1.0000e+00   9.9999e-06   1.0000e+05
9.5000e-01   1.0000e-05   9.5000e+04
9.0000e-01   9.9999e-06   9.0001e+04
8.5000e-01   9.9999e-06   8.5001e+04
8.0000e-01   9.9999e-06   8.0001e+04
7.5000e-01   9.9999e-06   7.5001e+04
7.0000e-01   9.9999e-06   7.0001e+04
6.5000e-01   9.9999e-06   6.5001e+04
6.0000e-01   9.9999e-06   6.0001e+04
5.5000e-01   1.0000e-05   5.5000e+04
5.0000e-01   9.9999e-06   5.0001e+04
4.5000e-01   1.0000e-05   4.5000e+04
4.0000e-01   9.9999e-06   4.0000e+04
3.5000e-01   1.0000e-05   3.5000e+04
3.0000e-01   9.9999e-06   3.0000e+04
2.5000e-01   9.9999e-06   2.5000e+04
2.0000e-01   9.9999e-06   2.0000e+04
1.5000e-01   9.9999e-06   1.5000e+04
1.0000e-01   9.9999e-06   1.0000e+04
5.0000e-02   9.9999e-06   5.0001e+03
0.0000e+00   -3.1026e-09   -0.0000e+00
0.0000e+00   2.2784e-09   0.0000e+00
-5.0000e-02   -1.0000e-05   5.0000e+03
-1.0000e-01   -1.0000e-05   9.9998e+03
-1.5000e-01   -1.0000e-05   1.5000e+04
-2.0000e-01   -1.0000e-05   2.0000e+04
-2.5000e-01   -1.0000e-05   2.5000e+04
-3.0000e-01   -1.0000e-05   2.9999e+04
-3.5000e-01   -1.0000e-05   3.5000e+04
-4.0000e-01   -1.0000e-05   4.0000e+04
-4.5000e-01   -1.0000e-05   4.4999e+04
-5.0000e-01   -1.0000e-05   5.0000e+04
-5.5000e-01   -1.0000e-05   5.4999e+04
-6.0000e-01   -1.0000e-05   5.9999e+04
-6.5000e-01   -1.0000e-05   6.4999e+04
-7.0000e-01   -1.0000e-05   6.9999e+04
-7.5000e-01   -1.0000e-05   7.4999e+04
-8.0000e-01   -1.0000e-05   7.9998e+04
-8.5000e-01   -1.0000e-05   8.4998e+04
-9.0000e-01   -1.0000e-05   8.9997e+04
-9.5000e-01   -1.0000e-05   9.4999e+04
-1.0000e+00   -1.0000e-05   1.0000e+05
-1.0000e+00   -1.0000e-05   9.9999e+04
-9.5000e-01   -1.0000e-05   9.4997e+04
-9.0000e-01   -1.0000e-05   9.0000e+04
-8.5000e-01   -1.0000e-05   8.4998e+04
-8.0000e-01   -1.0000e-05   8.0000e+04
-7.5000e-01   -1.0000e-05   7.5000e+04
-7.0000e-01   -1.0000e-05   7.0000e+04
-6.5000e-01   -1.0000e-05   6.5000e+04
-6.0000e-01   -1.0000e-05   5.9999e+04
-5.5000e-01   -1.0000e-05   5.4999e+04
-5.0000e-01   -1.0000e-05   5.0000e+04
-4.5000e-01   -1.0000e-05   4.5000e+04
-4.0000e-01   -1.0000e-05   4.0000e+04
-3.5000e-01   -1.0000e-05   3.5000e+04
-3.0000e-01   -9.9999e-06   3.0000e+04
-2.5000e-01   -1.0000e-05   2.5000e+04
-2.0000e-01   -1.0000e-05   1.9999e+04
-1.5000e-01   -1.0000e-05   1.5000e+04
-1.0000e-01   -1.0000e-05   1.0000e+04
-5.0000e-02   -1.0000e-05   5.0000e+03
0.0000e+00   2.5703e-08   0.0000e+00
