  Measurement Number     Measurement type
                  18                DC IV

      Measurement ID             SeriesID
       739598.693261                    0

         MeasureMode                Bias1                Bias2
                   2                   -3                    3

                Step  Positive compliance  Negative compliance
                0.05                0.001                0.001

  RealMeasuredPoints
                 244

        Bias        Current     Resistance
0.0000e+00   3.9618e-08   0.0000e+00
-5.0000e-02   -8.5856e-06   5.8237e+03
-1.0000e-01   -1.7198e-05   5.8146e+03
-1.5000e-01   -2.5784e-05   5.8176e+03
-2.0000e-01   -3.4378e-05   5.8177e+03
-2.5000e-01   -4.3042e-05   5.8083e+03
-3.0000e-01   -5.1726e-05   5.7998e+03
-3.5000e-01   -6.0498e-05   5.7853e+03
-4.0000e-01   -6.9298e-05   5.7722e+03
-4.5000e-01   -7.7888e-05   5.7775e+03
-5.0000e-01   -8.6638e-05   5.7711e+03
-5.5000e-01   -9.5488e-05   5.7599e+03
-6.0000e-01   -1.0433e-04   5.7509e+03
-6.5000e-01   -1.1326e-04   5.7392e+03
-7.0000e-01   -1.2190e-04   5.7424e+03
-7.5000e-01   -1.3102e-04   5.7243e+03
-8.0000e-01   -1.4036e-04   5.6996e+03
-8.5000e-01   -1.5046e-04   5.6493e+03
-9.0000e-01   -1.5808e-04   5.6933e+03
-9.5000e-01   -1.6700e-04   5.6886e+03
-1.0000e+00   -1.7742e-04   5.6363e+03
-1.0500e+00   -1.8750e-04   5.6000e+03
-1.1000e+00   -1.9622e-04   5.6060e+03
-1.1500e+00   -2.0500e-04   5.6098e+03
-1.2000e+00   -2.1494e-04   5.5830e+03
-1.2500e+00   -2.2352e-04   5.5923e+03
-1.3000e+00   -2.3330e-04   5.5722e+03
-1.3500e+00   -2.4300e-04   5.5556e+03
-1.4000e+00   -2.5158e-04   5.5648e+03
-1.4500e+00   -2.6150e-04   5.5449e+03
-1.5000e+00   -2.7044e-04   5.5465e+03
-1.5500e+00   -2.8288e-04   5.4794e+03
-1.6000e+00   -2.9340e-04   5.4533e+03
-1.6500e+00   -3.0296e-04   5.4463e+03
-1.7000e+00   -3.1550e-04   5.3883e+03
-1.7500e+00   -3.2460e-04   5.3913e+03
-1.8000e+00   -3.3546e-04   5.3658e+03
-1.8500e+00   -3.4342e-04   5.3870e+03
-1.9000e+00   -3.5440e-04   5.3612e+03
-1.9500e+00   -3.6298e-04   5.3722e+03
-2.0000e+00   -3.7318e-04   5.3593e+03
-2.0500e+00   -3.8548e-04   5.3180e+03
-2.1000e+00   -3.9622e-04   5.3001e+03
-2.1500e+00   -4.0092e-04   5.3627e+03
-2.2000e+00   -4.1580e-04   5.2910e+03
-2.2500e+00   -4.3584e-04   5.1624e+03
-2.3000e+00   -4.4714e-04   5.1438e+03
-2.3500e+00   -4.6520e-04   5.0516e+03
-2.4000e+00   -5.0096e-04   4.7908e+03
-2.4500e+00   -5.2386e-04   4.6768e+03
-2.5000e+00   -5.3648e-04   4.6600e+03
-2.5500e+00   -5.6016e-04   4.5523e+03
-2.6000e+00   -5.7906e-04   4.4900e+03
-2.6500e+00   -5.9380e-04   4.4628e+03
-2.7000e+00   -6.1458e-04   4.3932e+03
-2.7500e+00   -6.2966e-04   4.3674e+03
-2.8000e+00   -6.3680e-04   4.3970e+03
-2.8500e+00   -6.5238e-04   4.3686e+03
-2.9000e+00   -6.6786e-04   4.3422e+03
-2.9500e+00   -6.8176e-04   4.3270e+03
-3.0000e+00   -6.9464e-04   4.3188e+03
-3.0000e+00   -6.9148e-04   4.3385e+03
-2.9500e+00   -6.7374e-04   4.3785e+03
-2.9000e+00   -6.6202e-04   4.3805e+03
-2.8500e+00   -6.4716e-04   4.4039e+03
-2.8000e+00   -6.3168e-04   4.4326e+03
-2.7500e+00   -6.2090e-04   4.4291e+03
-2.7000e+00   -6.0698e-04   4.4483e+03
-2.6500e+00   -5.9028e-04   4.4894e+03
-2.6000e+00   -5.7878e-04   4.4922e+03
-2.5500e+00   -5.6536e-04   4.5104e+03
-2.5000e+00   -5.5544e-04   4.5009e+03
-2.4500e+00   -5.3508e-04   4.5788e+03
-2.4000e+00   -5.2122e-04   4.6046e+03
-2.3500e+00   -5.0852e-04   4.6213e+03
-2.3000e+00   -4.9434e-04   4.6527e+03
-2.2500e+00   -4.8296e-04   4.6588e+03
-2.2000e+00   -4.7024e-04   4.6785e+03
-2.1500e+00   -4.5778e-04   4.6966e+03
-2.1000e+00   -4.4592e-04   4.7094e+03
-2.0500e+00   -4.3374e-04   4.7263e+03
-2.0000e+00   -4.2134e-04   4.7468e+03
-1.9500e+00   -4.0956e-04   4.7612e+03
-1.9000e+00   -3.9774e-04   4.7770e+03
-1.8500e+00   -3.8646e-04   4.7870e+03
-1.8000e+00   -3.7450e-04   4.8064e+03
-1.7500e+00   -3.6252e-04   4.8273e+03
-1.7000e+00   -3.5106e-04   4.8425e+03
-1.6500e+00   -3.3950e-04   4.8601e+03
-1.6000e+00   -3.2798e-04   4.8783e+03
-1.5500e+00   -3.1634e-04   4.8998e+03
-1.5000e+00   -3.0512e-04   4.9161e+03
-1.4500e+00   -2.9402e-04   4.9316e+03
-1.4000e+00   -2.8294e-04   4.9480e+03
-1.3500e+00   -2.7250e-04   4.9541e+03
-1.3000e+00   -2.6128e-04   4.9755e+03
-1.2500e+00   -2.5062e-04   4.9876e+03
-1.2000e+00   -2.3970e-04   5.0063e+03
-1.1500e+00   -2.2916e-04   5.0183e+03
-1.1000e+00   -2.1826e-04   5.0399e+03
-1.0500e+00   -2.0772e-04   5.0549e+03
-1.0000e+00   -1.9730e-04   5.0684e+03
-9.5000e-01   -1.8680e-04   5.0857e+03
-9.0000e-01   -1.7678e-04   5.0911e+03
-8.5000e-01   -1.6624e-04   5.1131e+03
-8.0000e-01   -1.5594e-04   5.1302e+03
-7.5000e-01   -1.4598e-04   5.1377e+03
-7.0000e-01   -1.3578e-04   5.1554e+03
-6.5000e-01   -1.2556e-04   5.1768e+03
-6.0000e-01   -1.1568e-04   5.1867e+03
-5.5000e-01   -1.0564e-04   5.2064e+03
-5.0000e-01   -9.6108e-05   5.2025e+03
-4.5000e-01   -8.6146e-05   5.2237e+03
-4.0000e-01   -7.6218e-05   5.2481e+03
-3.5000e-01   -6.6622e-05   5.2535e+03
-3.0000e-01   -5.7006e-05   5.2626e+03
-2.5000e-01   -4.7444e-05   5.2694e+03
-2.0000e-01   -3.7890e-05   5.2784e+03
-1.5000e-01   -2.8384e-05   5.2847e+03
-1.0000e-01   -1.8874e-05   5.2983e+03
-5.0000e-02   -9.3936e-06   5.3228e+03
0.0000e+00   4.3376e-08   0.0000e+00
0.0000e+00   3.9900e-08   0.0000e+00
5.0000e-02   9.5038e-06   5.2611e+03
1.0000e-01   1.8906e-05   5.2893e+03
1.5000e-01   2.8428e-05   5.2765e+03
2.0000e-01   3.7868e-05   5.2815e+03
2.5000e-01   4.7410e-05   5.2731e+03
3.0000e-01   5.6978e-05   5.2652e+03
3.5000e-01   6.6540e-05   5.2600e+03
4.0000e-01   7.6130e-05   5.2542e+03
4.5000e-01   8.5796e-05   5.2450e+03
5.0000e-01   9.5766e-05   5.2211e+03
5.5000e-01   1.0557e-04   5.2100e+03
6.0000e-01   1.1588e-04   5.1778e+03
6.5000e-01   1.2560e-04   5.1752e+03
7.0000e-01   1.3566e-04   5.1600e+03
7.5000e-01   1.4594e-04   5.1391e+03
8.0000e-01   1.5608e-04   5.1256e+03
8.5000e-01   1.6640e-04   5.1082e+03
9.0000e-01   1.7650e-04   5.0992e+03
9.5000e-01   1.8702e-04   5.0797e+03
1.0000e+00   1.9734e-04   5.0674e+03
1.0500e+00   2.0776e-04   5.0539e+03
1.1000e+00   2.1866e-04   5.0306e+03
1.1500e+00   2.2934e-04   5.0144e+03
1.2000e+00   2.3990e-04   5.0021e+03
1.2500e+00   2.5020e-04   4.9960e+03
1.3000e+00   2.6100e-04   4.9808e+03
1.3500e+00   2.7196e-04   4.9640e+03
1.4000e+00   2.8284e-04   4.9498e+03
1.4500e+00   2.9346e-04   4.9410e+03
1.5000e+00   3.0484e-04   4.9206e+03
1.5500e+00   3.1570e-04   4.9097e+03
1.6000e+00   3.2756e-04   4.8846e+03
1.6500e+00   3.3848e-04   4.8747e+03
1.7000e+00   3.4910e-04   4.8697e+03
1.7500e+00   3.6062e-04   4.8528e+03
1.8000e+00   3.7244e-04   4.8330e+03
1.8500e+00   3.8464e-04   4.8097e+03
1.9000e+00   3.9540e-04   4.8053e+03
1.9500e+00   4.0770e-04   4.7829e+03
2.0000e+00   4.1912e-04   4.7719e+03
2.0500e+00   4.2950e-04   4.7730e+03
2.1000e+00   4.4374e-04   4.7325e+03
2.1500e+00   4.5442e-04   4.7313e+03
2.2000e+00   4.6704e-04   4.7105e+03
2.2500e+00   4.7840e-04   4.7032e+03
2.3000e+00   4.8824e-04   4.7108e+03
2.3500e+00   4.9884e-04   4.7109e+03
2.4000e+00   5.0980e-04   4.7077e+03
2.4500e+00   5.1906e-04   4.7201e+03
2.5000e+00   5.1392e-04   4.8646e+03
2.5500e+00   5.2788e-04   4.8306e+03
2.6000e+00   5.5044e-04   4.7235e+03
2.6500e+00   5.6346e-04   4.7031e+03
2.7000e+00   5.7350e-04   4.7079e+03
2.7500e+00   5.9774e-04   4.6007e+03
2.8000e+00   6.0680e-04   4.6144e+03
2.8500e+00   6.1622e-04   4.6250e+03
2.9000e+00   6.3722e-04   4.5510e+03
2.9500e+00   6.4236e-04   4.5924e+03
3.0000e+00   6.6888e-04   4.4851e+03
3.0000e+00   6.6602e-04   4.5044e+03
2.9500e+00   6.4992e-04   4.5390e+03
2.9000e+00   6.3316e-04   4.5802e+03
2.8500e+00   6.1582e-04   4.6280e+03
2.8000e+00   6.0048e-04   4.6629e+03
2.7500e+00   5.8366e-04   4.7116e+03
2.7000e+00   5.7154e-04   4.7241e+03
2.6500e+00   5.5988e-04   4.7332e+03
2.6000e+00   5.4720e-04   4.7515e+03
2.5500e+00   5.3566e-04   4.7605e+03
2.5000e+00   5.2332e-04   4.7772e+03
2.4500e+00   5.1222e-04   4.7831e+03
2.4000e+00   5.0036e-04   4.7965e+03
2.3500e+00   4.8816e-04   4.8140e+03
2.3000e+00   4.7580e-04   4.8340e+03
2.2500e+00   4.6332e-04   4.8563e+03
2.2000e+00   4.5218e-04   4.8653e+03
2.1500e+00   4.3972e-04   4.8895e+03
2.1000e+00   4.2882e-04   4.8972e+03
2.0500e+00   4.1696e-04   4.9165e+03
2.0000e+00   4.0584e-04   4.9281e+03
1.9500e+00   3.9322e-04   4.9591e+03
1.9000e+00   3.8204e-04   4.9733e+03
1.8500e+00   3.7162e-04   4.9782e+03
1.8000e+00   3.6008e-04   4.9989e+03
1.7500e+00   3.4910e-04   5.0129e+03
1.7000e+00   3.3762e-04   5.0352e+03
1.6500e+00   3.2698e-04   5.0462e+03
1.6000e+00   3.1636e-04   5.0575e+03
1.5500e+00   3.0512e-04   5.0800e+03
1.5000e+00   2.9422e-04   5.0982e+03
1.4500e+00   2.8416e-04   5.1028e+03
1.4000e+00   2.7336e-04   5.1215e+03
1.3500e+00   2.6290e-04   5.1350e+03
1.3000e+00   2.5232e-04   5.1522e+03
1.2500e+00   2.4196e-04   5.1661e+03
1.2000e+00   2.3162e-04   5.1809e+03
1.1500e+00   2.2130e-04   5.1966e+03
1.1000e+00   2.1120e-04   5.2083e+03
1.0500e+00   2.0084e-04   5.2280e+03
1.0000e+00   1.9072e-04   5.2433e+03
9.5000e-01   1.8070e-04   5.2573e+03
9.0000e-01   1.7058e-04   5.2761e+03
8.5000e-01   1.6056e-04   5.2940e+03
8.0000e-01   1.5062e-04   5.3114e+03
7.5000e-01   1.4090e-04   5.3229e+03
7.0000e-01   1.3124e-04   5.3337e+03
6.5000e-01   1.2138e-04   5.3551e+03
6.0000e-01   1.1164e-04   5.3744e+03
5.5000e-01   1.0206e-04   5.3890e+03
5.0000e-01   9.2370e-05   5.4130e+03
4.5000e-01   8.2932e-05   5.4261e+03
4.0000e-01   7.3506e-05   5.4417e+03
3.5000e-01   6.4094e-05   5.4607e+03
3.0000e-01   5.4760e-05   5.4785e+03
2.5000e-01   4.5526e-05   5.4914e+03
2.0000e-01   3.6368e-05   5.4993e+03
1.5000e-01   2.7232e-05   5.5082e+03
1.0000e-01   1.8134e-05   5.5145e+03
5.0000e-02   9.0605e-06   5.5185e+03
0.0000e+00   3.8184e-08   0.0000e+00
