  Measurement Number     Measurement type
                   6                DC IV

      Measurement ID             SeriesID
       739598.714335                    0

         MeasureMode                Bias1                Bias2
                   2                  1.5                 -1.5

                Step  Positive compliance  Negative compliance
                0.05               0.0001               0.0001

  RealMeasuredPoints
                 124

        Bias        Current     Resistance
0.0000e+00   2.1925e-09   0.0000e+00
5.0000e-02   2.3345e-06   2.1418e+04
1.0000e-01   4.7979e-06   2.0842e+04
1.5000e-01   7.4710e-06   2.0078e+04
2.0000e-01   1.0352e-05   1.9321e+04
2.5000e-01   1.3472e-05   1.8557e+04
3.0000e-01   1.6870e-05   1.7783e+04
3.5000e-01   2.0318e-05   1.7226e+04
4.0000e-01   2.4090e-05   1.6604e+04
4.5000e-01   2.8124e-05   1.6001e+04
5.0000e-01   3.2050e-05   1.5601e+04
5.5000e-01   3.7122e-05   1.4816e+04
6.0000e-01   4.1982e-05   1.4292e+04
6.5000e-01   4.7456e-05   1.3697e+04
7.0000e-01   5.2346e-05   1.3373e+04
7.5000e-01   5.6524e-05   1.3269e+04
8.0000e-01   6.3972e-05   1.2505e+04
8.5000e-01   7.0020e-05   1.2139e+04
9.0000e-01   7.7656e-05   1.1590e+04
9.5000e-01   7.8970e-05   1.2030e+04
1.0000e+00   8.1898e-05   1.2210e+04
1.0500e+00   7.8950e-05   1.3300e+04
1.1000e+00   6.9988e-05   1.5717e+04
1.1500e+00   8.1030e-05   1.4192e+04
1.2000e+00   7.3328e-05   1.6365e+04
1.2500e+00   7.8772e-05   1.5869e+04
1.3000e+00   8.1970e-05   1.5859e+04
1.3500e+00   6.9618e-05   1.9392e+04
1.4000e+00   6.9864e-05   2.0039e+04
1.4500e+00   7.3724e-05   1.9668e+04
1.5000e+00   7.9206e-05   1.8938e+04
1.5000e+00   7.5694e-05   1.9817e+04
1.4500e+00   6.7924e-05   2.1347e+04
1.4000e+00   6.1340e-05   2.2824e+04
1.3500e+00   5.6746e-05   2.3790e+04
1.3000e+00   5.1684e-05   2.5153e+04
1.2500e+00   4.7220e-05   2.6472e+04
1.2000e+00   4.3188e-05   2.7785e+04
1.1500e+00   3.9178e-05   2.9353e+04
1.1000e+00   3.5894e-05   3.0646e+04
1.0500e+00   3.2602e-05   3.2207e+04
1.0000e+00   2.9578e-05   3.3809e+04
9.5000e-01   2.6626e-05   3.5679e+04
9.0000e-01   2.3804e-05   3.7809e+04
8.5000e-01   2.1240e-05   4.0019e+04
8.0000e-01   1.8904e-05   4.2319e+04
7.5000e-01   1.6720e-05   4.4856e+04
7.0000e-01   1.4668e-05   4.7723e+04
6.5000e-01   1.2742e-05   5.1012e+04
6.0000e-01   1.0900e-05   5.5046e+04
5.5000e-01   9.3130e-06   5.9057e+04
5.0000e-01   7.8562e-06   6.3644e+04
4.5000e-01   6.5190e-06   6.9029e+04
4.0000e-01   5.2883e-06   7.5639e+04
3.5000e-01   4.1735e-06   8.3862e+04
3.0000e-01   3.2300e-06   9.2879e+04
2.5000e-01   2.3865e-06   1.0476e+05
2.0000e-01   1.6697e-06   1.1978e+05
1.5000e-01   1.0964e-06   1.3681e+05
1.0000e-01   6.3150e-07   1.5835e+05
5.0000e-02   2.8354e-07   1.7634e+05
0.0000e+00   3.8412e-10   0.0000e+00
0.0000e+00   5.8151e-10   0.0000e+00
-5.0000e-02   -3.0874e-07   1.6195e+05
-1.0000e-01   -7.0672e-07   1.4150e+05
-1.5000e-01   -1.2191e-06   1.2304e+05
-2.0000e-01   -1.8835e-06   1.0619e+05
-2.5000e-01   -2.6766e-06   9.3402e+04
-3.0000e-01   -3.5988e-06   8.3361e+04
-3.5000e-01   -4.8058e-06   7.2829e+04
-4.0000e-01   -5.9281e-06   6.7475e+04
-4.5000e-01   -7.5484e-06   5.9615e+04
-5.0000e-01   -9.2059e-06   5.4313e+04
-5.5000e-01   -1.1049e-05   4.9780e+04
-6.0000e-01   -1.3126e-05   4.5711e+04
-6.5000e-01   -1.5146e-05   4.2916e+04
-7.0000e-01   -1.7198e-05   4.0702e+04
-7.5000e-01   -1.9714e-05   3.8044e+04
-8.0000e-01   -2.2798e-05   3.5091e+04
-8.5000e-01   -2.4540e-05   3.4637e+04
-9.0000e-01   -2.9374e-05   3.0639e+04
-9.5000e-01   -2.9040e-05   3.2713e+04
-1.0000e+00   -3.1778e-05   3.1468e+04
-1.0500e+00   -3.3426e-05   3.1413e+04
-1.1000e+00   -3.9208e-05   2.8055e+04
-1.1500e+00   -4.3868e-05   2.6215e+04
-1.2000e+00   -5.7778e-05   2.0769e+04
-1.2500e+00   -6.2676e-05   1.9944e+04
-1.3000e+00   -1.0000e-04   1.2999e+04
-1.3500e+00   -1.0001e-04   1.3499e+04
-1.4000e+00   -1.0000e-04   1.3999e+04
-1.4500e+00   -1.0000e-04   1.4499e+04
-1.5000e+00   -1.0000e-04   1.4999e+04
-1.5000e+00   -1.0001e-04   1.4999e+04
-1.4500e+00   -1.0000e-04   1.4500e+04
-1.4000e+00   -1.0000e-04   1.4000e+04
-1.3500e+00   -1.0001e-04   1.3499e+04
-1.3000e+00   -1.0000e-04   1.2999e+04
-1.2500e+00   -1.0000e-04   1.2500e+04
-1.2000e+00   -1.0001e-04   1.1999e+04
-1.1500e+00   -1.0000e-04   1.1500e+04
-1.1000e+00   -1.0001e-04   1.0999e+04
-1.0500e+00   -9.5600e-05   1.0983e+04
-1.0000e+00   -9.0562e-05   1.1042e+04
-9.5000e-01   -8.4882e-05   1.1192e+04
-9.0000e-01   -8.0240e-05   1.1216e+04
-8.5000e-01   -7.5828e-05   1.1210e+04
-8.0000e-01   -7.0008e-05   1.1427e+04
-7.5000e-01   -6.4668e-05   1.1598e+04
-7.0000e-01   -5.8912e-05   1.1882e+04
-6.5000e-01   -5.3280e-05   1.2200e+04
-6.0000e-01   -4.8044e-05   1.2489e+04
-5.5000e-01   -4.2950e-05   1.2806e+04
-5.0000e-01   -3.7944e-05   1.3177e+04
-4.5000e-01   -3.3100e-05   1.3595e+04
-4.0000e-01   -2.8592e-05   1.3990e+04
-3.5000e-01   -2.4140e-05   1.4499e+04
-3.0000e-01   -2.0056e-05   1.4958e+04
-2.5000e-01   -1.6064e-05   1.5563e+04
-2.0000e-01   -1.2418e-05   1.6106e+04
-1.5000e-01   -8.9688e-06   1.6725e+04
-1.0000e-01   -5.7766e-06   1.7311e+04
-5.0000e-02   -2.8170e-06   1.7749e+04
0.0000e+00   8.6262e-09   0.0000e+00
