  Measurement Number     Measurement type
                  10                DC IV

      Measurement ID             SeriesID
       739668.770443                   92

         MeasureMode                Bias1                Bias2
                   2                    2                   -1

                Step  Positive compliance  Negative compliance
                0.05                1e-05                1e-05

  RealMeasuredPoints
                 124

        Bias        Current     Resistance
0.0000e+00   3.6300e-12   0.0000e+00
5.0000e-02   9.1200e-12   5.4825e+09
1.0000e-01   2.4200e-12   4.1322e+10
1.5000e-01   2.8500e-12   5.2632e+10
2.0000e-01   2.8300e-12   7.0671e+10
2.5000e-01   1.3440e-11   1.8601e+10
3.0000e-01   1.9430e-11   1.5440e+10
3.5000e-01   9.5600e-12   3.6611e+10
4.0000e-01   1.8650e-11   2.1448e+10
4.5000e-01   1.5350e-11   2.9316e+10
5.0000e-01   2.4050e-11   2.0790e+10
5.5000e-01   2.3480e-11   2.3424e+10
6.0000e-01   2.2860e-11   2.6247e+10
6.5000e-01   3.5750e-11   1.8182e+10
7.0000e-01   3.8650e-11   1.8111e+10
7.5000e-01   3.9270e-11   1.9099e+10
8.0000e-01   3.3370e-11   2.3974e+10
8.5000e-01   4.1230e-11   2.0616e+10
9.0000e-01   6.9550e-11   1.2940e+10
9.5000e-01   7.1650e-11   1.3259e+10
1.0000e+00   7.2190e-11   1.3852e+10
1.0500e+00   9.7210e-11   1.0801e+10
1.1000e+00   1.2570e-10   8.7510e+09
1.1500e+00   1.4528e-10   7.9157e+09
1.2000e+00   1.7340e-10   6.9204e+09
1.2500e+00   2.0277e-10   6.1646e+09
1.3000e+00   3.2266e-10   4.0290e+09
1.3500e+00   3.6873e-10   3.6612e+09
1.4000e+00   5.4088e-10   2.5884e+09
1.4500e+00   6.5555e-10   2.2119e+09
1.5000e+00   5.3072e-10   2.8263e+09
1.5500e+00   6.2876e-10   2.4652e+09
1.6000e+00   8.1040e-10   1.9743e+09
1.6500e+00   1.7164e-09   9.6131e+08
1.7000e+00   9.8000e-09   1.7347e+08
1.7500e+00   9.9998e-06   1.7500e+05
1.8000e+00   9.9999e-06   1.8000e+05
1.8500e+00   9.9999e-06   1.8500e+05
1.9000e+00   9.9998e-06   1.9000e+05
1.9500e+00   9.9999e-06   1.9500e+05
2.0000e+00   1.0000e-05   2.0000e+05
2.0000e+00   9.9999e-06   2.0000e+05
1.9500e+00   9.9998e-06   1.9500e+05
1.9000e+00   9.9999e-06   1.9000e+05
1.8500e+00   9.9999e-06   1.8500e+05
1.8000e+00   1.0000e-05   1.8000e+05
1.7500e+00   9.9999e-06   1.7500e+05
1.7000e+00   9.9999e-06   1.7000e+05
1.6500e+00   9.9999e-06   1.6500e+05
1.6000e+00   9.9999e-06   1.6000e+05
1.5500e+00   9.9998e-06   1.5500e+05
1.5000e+00   9.9998e-06   1.5000e+05
1.4500e+00   9.9999e-06   1.4500e+05
1.4000e+00   1.0000e-05   1.4000e+05
1.3500e+00   9.9999e-06   1.3500e+05
1.3000e+00   9.9999e-06   1.3000e+05
1.2500e+00   9.9999e-06   1.2500e+05
1.2000e+00   9.9999e-06   1.2000e+05
1.1500e+00   9.9999e-06   1.1500e+05
1.1000e+00   9.9999e-06   1.1000e+05
1.0500e+00   9.9999e-06   1.0500e+05
1.0000e+00   9.9999e-06   1.0000e+05
9.5000e-01   9.9999e-06   9.5001e+04
9.0000e-01   9.9999e-06   9.0001e+04
8.5000e-01   9.9999e-06   8.5001e+04
8.0000e-01   9.9999e-06   8.0001e+04
7.5000e-01   9.9998e-06   7.5002e+04
7.0000e-01   9.9999e-06   7.0001e+04
6.5000e-01   9.9999e-06   6.5001e+04
6.0000e-01   9.9998e-06   6.0001e+04
5.5000e-01   9.9999e-06   5.5001e+04
5.0000e-01   1.0000e-05   5.0000e+04
4.5000e-01   9.9999e-06   4.5000e+04
4.0000e-01   1.0000e-05   4.0000e+04
3.5000e-01   9.9999e-06   3.5000e+04
3.0000e-01   9.9999e-06   3.0000e+04
2.5000e-01   1.0000e-05   2.5000e+04
2.0000e-01   9.9999e-06   2.0000e+04
1.5000e-01   9.9999e-06   1.5000e+04
1.0000e-01   1.0000e-05   1.0000e+04
5.0000e-02   9.9999e-06   5.0001e+03
0.0000e+00   1.5245e-08   0.0000e+00
0.0000e+00   2.3600e-12   0.0000e+00
-5.0000e-02   4.9000e-13   -1.0204e+11
-1.0000e-01   -5.1300e-12   1.9493e+10
-1.5000e-01   -1.4390e-11   1.0424e+10
-2.0000e-01   -3.3400e-12   5.9880e+10
-2.5000e-01   -1.1200e-11   2.2321e+10
-3.0000e-01   -1.8140e-11   1.6538e+10
-3.5000e-01   -2.1430e-11   1.6332e+10
-4.0000e-01   -2.4590e-11   1.6267e+10
-4.5000e-01   -1.7780e-11   2.5309e+10
-5.0000e-01   -3.0780e-11   1.6244e+10
-5.5000e-01   -2.8430e-11   1.9346e+10
-6.0000e-01   -3.8840e-11   1.5448e+10
-6.5000e-01   -4.0650e-11   1.5990e+10
-7.0000e-01   -4.4780e-11   1.5632e+10
-7.5000e-01   -4.7810e-11   1.5687e+10
-8.0000e-01   -5.5990e-11   1.4288e+10
-8.5000e-01   -7.6480e-11   1.1114e+10
-9.0000e-01   -7.8810e-11   1.1420e+10
-9.5000e-01   -8.2760e-11   1.1479e+10
-1.0000e+00   -9.9620e-11   1.0038e+10
-1.0000e+00   -1.0657e-10   9.3835e+09
-9.5000e-01   -8.5200e-11   1.1150e+10
-9.0000e-01   -6.5670e-11   1.3705e+10
-8.5000e-01   -5.7390e-11   1.4811e+10
-8.0000e-01   -5.0390e-11   1.5876e+10
-7.5000e-01   -4.6010e-11   1.6301e+10
-7.0000e-01   -2.7960e-11   2.5036e+10
-6.5000e-01   -1.4060e-11   4.6230e+10
-6.0000e-01   -2.3040e-11   2.6042e+10
-5.5000e-01   -1.5700e-11   3.5032e+10
-5.0000e-01   -5.6200e-12   8.8968e+10
-4.5000e-01   3.3900e-12   -1.3274e+11
-4.0000e-01   5.2500e-12   -7.6190e+10
-3.5000e-01   -2.5300e-12   1.3834e+11
-3.0000e-01   9.4100e-12   -3.1881e+10
-2.5000e-01   9.8000e-12   -2.5510e+10
-2.0000e-01   1.6690e-11   -1.1983e+10
-1.5000e-01   1.0850e-11   -1.3825e+10
-1.0000e-01   4.4400e-12   -2.2523e+10
-5.0000e-02   1.8870e-11   -2.6497e+09
0.0000e+00   1.0600e-11   0.0000e+00
