  Measurement Number     Measurement type
                 154                DC IV

      Measurement ID             SeriesID
       739598.681493                    4

         MeasureMode                Bias1                Bias2
                   2                 -2.7                  2.5

                Step  Positive compliance  Negative compliance
                0.05                 0.01                0.001

  RealMeasuredPoints
                 212

        Bias        Current     Resistance
0.0000e+00   -2.6900e-12   -0.0000e+00
-5.0000e-02   -1.2379e-08   4.0390e+06
-1.0000e-01   -2.7444e-08   3.6438e+06
-1.5000e-01   -4.6368e-08   3.2350e+06
-2.0000e-01   -6.9977e-08   2.8581e+06
-2.5000e-01   -9.1134e-08   2.7432e+06
-3.0000e-01   -1.2558e-07   2.3889e+06
-3.5000e-01   -1.6716e-07   2.0938e+06
-4.0000e-01   -2.1430e-07   1.8665e+06
-4.5000e-01   -2.6658e-07   1.6880e+06
-5.0000e-01   -3.3040e-07   1.5133e+06
-5.5000e-01   -4.0002e-07   1.3749e+06
-6.0000e-01   -4.7988e-07   1.2503e+06
-6.5000e-01   -5.6544e-07   1.1495e+06
-7.0000e-01   -6.6306e-07   1.0557e+06
-7.5000e-01   -7.7476e-07   9.6804e+05
-8.0000e-01   -8.8942e-07   8.9946e+05
-8.5000e-01   -1.0589e-06   8.0269e+05
-9.0000e-01   -1.2050e-06   7.4689e+05
-9.5000e-01   -1.3336e-06   7.1236e+05
-1.0000e+00   -1.5286e-06   6.5419e+05
-1.0500e+00   -1.7234e-06   6.0926e+05
-1.1000e+00   -1.9208e-06   5.7268e+05
-1.1500e+00   -2.1440e-06   5.3638e+05
-1.2000e+00   -2.4036e-06   4.9925e+05
-1.2500e+00   -2.6346e-06   4.7446e+05
-1.3000e+00   -2.9400e-06   4.4218e+05
-1.3500e+00   -3.2377e-06   4.1696e+05
-1.4000e+00   -3.5440e-06   3.9503e+05
-1.4500e+00   -3.8781e-06   3.7389e+05
-1.5000e+00   -4.2238e-06   3.5513e+05
-1.5500e+00   -4.5507e-06   3.4061e+05
-1.6000e+00   -4.8948e-06   3.2688e+05
-1.6500e+00   -5.2911e-06   3.1184e+05
-1.7000e+00   -5.7238e-06   2.9701e+05
-1.7500e+00   -6.0970e-06   2.8703e+05
-1.8000e+00   -6.5104e-06   2.7648e+05
-1.8500e+00   -6.9893e-06   2.6469e+05
-1.9000e+00   -7.4720e-06   2.5428e+05
-1.9500e+00   -8.1263e-06   2.3996e+05
-2.0000e+00   -8.6206e-06   2.3200e+05
-2.0500e+00   -9.3234e-06   2.1988e+05
-2.1000e+00   -1.0096e-05   2.0801e+05
-2.1500e+00   -1.0531e-05   2.0416e+05
-2.2000e+00   -1.1362e-05   1.9363e+05
-2.2500e+00   -1.2250e-05   1.8367e+05
-2.3000e+00   -1.3058e-05   1.7614e+05
-2.3500e+00   -1.3806e-05   1.7022e+05
-2.4000e+00   -9.9998e-04   2.4000e+03
-2.4500e+00   -1.0000e-03   2.4500e+03
-2.5000e+00   -1.0001e-03   2.4998e+03
-2.5500e+00   -1.0001e-03   2.5498e+03
-2.6000e+00   -9.9996e-04   2.6001e+03
-2.6500e+00   -1.0000e-03   2.6499e+03
-2.7000e+00   -1.0000e-03   2.7000e+03
-2.7000e+00   -1.0000e-03   2.6999e+03
-2.6500e+00   -1.0000e-03   2.6499e+03
-2.6000e+00   -9.9992e-04   2.6002e+03
-2.5500e+00   -1.0000e-03   2.5500e+03
-2.5000e+00   -1.0000e-03   2.5000e+03
-2.4500e+00   -1.0000e-03   2.4500e+03
-2.4000e+00   -1.0000e-03   2.4000e+03
-2.3500e+00   -1.0000e-03   2.3499e+03
-2.3000e+00   -1.0000e-03   2.3000e+03
-2.2500e+00   -1.0000e-03   2.2500e+03
-2.2000e+00   -9.9998e-04   2.2000e+03
-2.1500e+00   -1.0001e-03   2.1499e+03
-2.1000e+00   -9.9792e-04   2.1044e+03
-2.0500e+00   -9.7672e-04   2.0989e+03
-2.0000e+00   -9.5956e-04   2.0843e+03
-1.9500e+00   -9.3326e-04   2.0894e+03
-1.9000e+00   -9.1254e-04   2.0821e+03
-1.8500e+00   -8.8928e-04   2.0803e+03
-1.8000e+00   -8.5664e-04   2.1012e+03
-1.7500e+00   -8.3132e-04   2.1051e+03
-1.7000e+00   -8.1006e-04   2.0986e+03
-1.6500e+00   -7.8394e-04   2.1048e+03
-1.6000e+00   -7.6480e-04   2.0921e+03
-1.5500e+00   -7.3898e-04   2.0975e+03
-1.5000e+00   -7.1224e-04   2.1060e+03
-1.4500e+00   -6.8734e-04   2.1096e+03
-1.4000e+00   -6.6384e-04   2.1089e+03
-1.3500e+00   -6.3922e-04   2.1119e+03
-1.3000e+00   -6.1566e-04   2.1116e+03
-1.2500e+00   -5.9086e-04   2.1156e+03
-1.2000e+00   -5.6684e-04   2.1170e+03
-1.1500e+00   -5.4340e-04   2.1163e+03
-1.1000e+00   -5.1886e-04   2.1200e+03
-1.0500e+00   -4.9526e-04   2.1201e+03
-1.0000e+00   -4.7060e-04   2.1249e+03
-9.5000e-01   -4.4514e-04   2.1342e+03
-9.0000e-01   -4.2188e-04   2.1333e+03
-8.5000e-01   -3.9844e-04   2.1333e+03
-8.0000e-01   -3.7536e-04   2.1313e+03
-7.5000e-01   -3.5238e-04   2.1284e+03
-7.0000e-01   -3.2800e-04   2.1341e+03
-6.5000e-01   -3.0430e-04   2.1360e+03
-6.0000e-01   -2.8080e-04   2.1368e+03
-5.5000e-01   -2.5716e-04   2.1387e+03
-5.0000e-01   -2.3382e-04   2.1384e+03
-4.5000e-01   -2.1032e-04   2.1396e+03
-4.0000e-01   -1.8736e-04   2.1349e+03
-3.5000e-01   -1.6342e-04   2.1417e+03
-3.0000e-01   -1.4022e-04   2.1395e+03
-2.5000e-01   -1.1692e-04   2.1382e+03
-2.0000e-01   -9.3560e-05   2.1377e+03
-1.5000e-01   -7.0184e-05   2.1372e+03
-1.0000e-01   -4.6790e-05   2.1372e+03
-5.0000e-02   -2.3254e-05   2.1502e+03
0.0000e+00   1.5640e-07   0.0000e+00
0.0000e+00   7.1020e-08   0.0000e+00
5.0000e-02   1.2950e-05   3.8610e+03
1.0000e-01   2.6194e-05   3.8177e+03
1.5000e-01   2.6842e-05   5.5883e+03
2.0000e-01   2.9874e-05   6.6948e+03
2.5000e-01   3.8144e-05   6.5541e+03
3.0000e-01   6.6732e-05   4.4956e+03
3.5000e-01   8.4920e-05   4.1215e+03
4.0000e-01   9.9158e-05   4.0340e+03
4.5000e-01   9.2100e-05   4.8860e+03
5.0000e-01   1.1368e-04   4.3983e+03
5.5000e-01   5.5506e-05   9.9088e+03
6.0000e-01   8.7758e-05   6.8370e+03
6.5000e-01   9.3534e-05   6.9493e+03
7.0000e-01   7.3528e-05   9.5202e+03
7.5000e-01   1.3880e-04   5.4035e+03
8.0000e-01   1.5764e-04   5.0749e+03
8.5000e-01   1.7856e-04   4.7603e+03
9.0000e-01   1.8656e-04   4.8242e+03
9.5000e-01   1.8498e-04   5.1357e+03
1.0000e+00   2.0540e-04   4.8685e+03
1.0500e+00   2.2228e-04   4.7238e+03
1.1000e+00   2.4642e-04   4.4639e+03
1.1500e+00   2.9798e-04   3.8593e+03
1.2000e+00   3.1996e-04   3.7505e+03
1.2500e+00   3.4690e-04   3.6033e+03
1.3000e+00   3.6608e-04   3.5511e+03
1.3500e+00   4.3906e-04   3.0748e+03
1.4000e+00   4.6890e-04   2.9857e+03
1.4500e+00   4.8600e-04   2.9835e+03
1.5000e+00   6.2682e-04   2.3930e+03
1.5500e+00   6.8078e-04   2.2768e+03
1.6000e+00   7.1466e-04   2.2388e+03
1.6500e+00   7.7280e-04   2.1351e+03
1.7000e+00   8.0616e-04   2.1088e+03
1.7500e+00   8.3304e-04   2.1007e+03
1.8000e+00   8.6532e-04   2.0802e+03
1.8500e+00   8.9614e-04   2.0644e+03
1.9000e+00   9.2218e-04   2.0603e+03
1.9500e+00   9.4634e-04   2.0606e+03
2.0000e+00   9.7710e-04   2.0469e+03
2.0500e+00   1.0137e-03   2.0223e+03
2.1000e+00   1.0556e-03   1.9893e+03
2.1500e+00   1.0897e-03   1.9731e+03
2.2000e+00   1.1173e-03   1.9690e+03
2.2500e+00   1.2090e-05   1.8610e+05
2.3000e+00   1.2654e-05   1.8176e+05
2.3500e+00   1.3854e-05   1.6963e+05
2.4000e+00   1.4470e-05   1.6586e+05
2.4500e+00   1.5358e-05   1.5953e+05
2.5000e+00   1.6060e-05   1.5567e+05
2.5000e+00   1.5914e-05   1.5709e+05
2.4500e+00   1.5096e-05   1.6229e+05
2.4000e+00   1.4296e-05   1.6788e+05
2.3500e+00   1.3244e-05   1.7744e+05
2.3000e+00   1.2772e-05   1.8008e+05
2.2500e+00   1.1702e-05   1.9227e+05
2.2000e+00   1.0990e-05   2.0018e+05
2.1500e+00   1.0328e-05   2.0817e+05
2.1000e+00   9.7011e-06   2.1647e+05
2.0500e+00   9.0540e-06   2.2642e+05
2.0000e+00   8.4591e-06   2.3643e+05
1.9500e+00   7.8937e-06   2.4703e+05
1.9000e+00   7.3630e-06   2.5805e+05
1.8500e+00   6.8796e-06   2.6891e+05
1.8000e+00   6.4062e-06   2.8098e+05
1.7500e+00   5.9465e-06   2.9429e+05
1.7000e+00   5.4990e-06   3.0915e+05
1.6500e+00   5.0715e-06   3.2535e+05
1.6000e+00   4.6906e-06   3.4111e+05
1.5500e+00   4.3373e-06   3.5737e+05
1.5000e+00   3.9811e-06   3.7678e+05
1.4500e+00   3.6761e-06   3.9444e+05
1.4000e+00   3.3604e-06   4.1662e+05
1.3500e+00   3.0967e-06   4.3595e+05
1.3000e+00   2.8208e-06   4.6086e+05
1.2500e+00   2.5855e-06   4.8347e+05
1.2000e+00   2.3382e-06   5.1322e+05
1.1500e+00   2.1151e-06   5.4371e+05
1.1000e+00   1.9158e-06   5.7417e+05
1.0500e+00   1.7199e-06   6.1050e+05
1.0000e+00   1.5406e-06   6.4910e+05
9.5000e-01   1.3672e-06   6.9485e+05
9.0000e-01   1.2118e-06   7.4270e+05
8.5000e-01   1.0667e-06   7.9685e+05
8.0000e-01   9.2986e-07   8.6034e+05
7.5000e-01   8.1174e-07   9.2394e+05
7.0000e-01   7.0824e-07   9.8837e+05
6.5000e-01   6.0554e-07   1.0734e+06
6.0000e-01   5.0594e-07   1.1859e+06
5.5000e-01   4.1980e-07   1.3101e+06
5.0000e-01   3.5136e-07   1.4230e+06
4.5000e-01   2.8436e-07   1.5825e+06
4.0000e-01   2.3006e-07   1.7387e+06
3.5000e-01   1.8110e-07   1.9326e+06
3.0000e-01   1.3564e-07   2.2117e+06
2.5000e-01   1.0128e-07   2.4683e+06
2.0000e-01   6.9860e-08   2.8629e+06
1.5000e-01   4.5912e-08   3.2671e+06
1.0000e-01   2.6337e-08   3.7970e+06
5.0000e-02   1.1487e-08   4.3529e+06
0.0000e+00   -3.5802e-10   -0.0000e+00
