  Measurement Number     Measurement type
                  66                DC IV

      Measurement ID             SeriesID
       739598.674951                   32

         MeasureMode                Bias1                Bias2
                   2                 -2.5                  2.5

                Step  Positive compliance  Negative compliance
                0.05                 0.01                0.001

  RealMeasuredPoints
                 204

        Bias        Current     Resistance
0.0000e+00   2.5730e-10   0.0000e+00
-5.0000e-02   -6.2302e-08   8.0254e+05
-1.0000e-01   -1.4118e-07   7.0832e+05
-1.5000e-01   -2.4430e-07   6.1400e+05
-2.0000e-01   -3.7550e-07   5.3262e+05
-2.5000e-01   -5.4136e-07   4.6180e+05
-3.0000e-01   -7.3956e-07   4.0565e+05
-3.5000e-01   -9.6878e-07   3.6128e+05
-4.0000e-01   -1.1858e-06   3.3733e+05
-4.5000e-01   -1.4636e-06   3.0746e+05
-5.0000e-01   -1.7957e-06   2.7844e+05
-5.5000e-01   -2.1723e-06   2.5319e+05
-6.0000e-01   -2.5851e-06   2.3210e+05
-6.5000e-01   -3.0302e-06   2.1451e+05
-7.0000e-01   -3.5424e-06   1.9761e+05
-7.5000e-01   -4.0029e-06   1.8736e+05
-8.0000e-01   -4.5985e-06   1.7397e+05
-8.5000e-01   -5.2197e-06   1.6284e+05
-9.0000e-01   -6.0256e-06   1.4936e+05
-9.5000e-01   -6.6296e-06   1.4330e+05
-1.0000e+00   -7.4800e-06   1.3369e+05
-1.0500e+00   -8.2280e-06   1.2761e+05
-1.1000e+00   -9.1055e-06   1.2081e+05
-1.1500e+00   -1.0102e-05   1.1384e+05
-1.2000e+00   -1.1300e-05   1.0619e+05
-1.2500e+00   -1.2738e-05   9.8132e+04
-1.3000e+00   -1.3778e-05   9.4353e+04
-1.3500e+00   -1.5258e-05   8.8478e+04
-1.4000e+00   -1.6848e-05   8.3096e+04
-1.4500e+00   -1.8132e-05   7.9969e+04
-1.5000e+00   -2.0042e-05   7.4843e+04
-1.5500e+00   -2.1134e-05   7.3342e+04
-1.6000e+00   -2.2512e-05   7.1073e+04
-1.6500e+00   -2.4394e-05   6.7640e+04
-1.7000e+00   -2.6010e-05   6.5359e+04
-1.7500e+00   -2.9058e-05   6.0224e+04
-1.8000e+00   -3.0400e-05   5.9211e+04
-1.8500e+00   -3.1670e-05   5.8415e+04
-1.9000e+00   -3.3622e-05   5.6511e+04
-1.9500e+00   -3.6252e-05   5.3790e+04
-2.0000e+00   -1.0000e-03   1.9999e+03
-2.0500e+00   -1.0000e-03   2.0500e+03
-2.1000e+00   -1.0000e-03   2.1000e+03
-2.1500e+00   -1.0000e-03   2.1499e+03
-2.2000e+00   -1.0000e-03   2.2000e+03
-2.2500e+00   -1.0000e-03   2.2500e+03
-2.3000e+00   -1.0000e-03   2.3000e+03
-2.3500e+00   -1.0000e-03   2.3500e+03
-2.4000e+00   -1.0000e-03   2.4000e+03
-2.4500e+00   -1.0001e-03   2.4499e+03
-2.5000e+00   -1.0000e-03   2.5000e+03
-2.5000e+00   -1.0000e-03   2.5000e+03
-2.4500e+00   -1.0000e-03   2.4500e+03
-2.4000e+00   -1.0000e-03   2.4000e+03
-2.3500e+00   -1.0000e-03   2.3500e+03
-2.3000e+00   -1.0000e-03   2.3000e+03
-2.2500e+00   -1.0000e-03   2.2500e+03
-2.2000e+00   -1.0000e-03   2.2000e+03
-2.1500e+00   -1.0000e-03   2.1500e+03
-2.1000e+00   -1.0000e-03   2.1000e+03
-2.0500e+00   -1.0000e-03   2.0500e+03
-2.0000e+00   -1.0000e-03   1.9999e+03
-1.9500e+00   -1.0000e-03   1.9500e+03
-1.9000e+00   -1.0000e-03   1.9000e+03
-1.8500e+00   -1.0000e-03   1.8499e+03
-1.8000e+00   -1.0001e-03   1.7999e+03
-1.7500e+00   -1.0000e-03   1.7500e+03
-1.7000e+00   -9.8840e-04   1.7200e+03
-1.6500e+00   -9.5514e-04   1.7275e+03
-1.6000e+00   -9.2660e-04   1.7267e+03
-1.5500e+00   -9.0050e-04   1.7213e+03
-1.5000e+00   -8.7078e-04   1.7226e+03
-1.4500e+00   -8.4192e-04   1.7223e+03
-1.4000e+00   -8.1634e-04   1.7150e+03
-1.3500e+00   -7.9148e-04   1.7057e+03
-1.3000e+00   -7.6232e-04   1.7053e+03
-1.2500e+00   -7.3028e-04   1.7117e+03
-1.2000e+00   -7.0154e-04   1.7105e+03
-1.1500e+00   -6.7240e-04   1.7103e+03
-1.1000e+00   -6.4324e-04   1.7101e+03
-1.0500e+00   -6.1266e-04   1.7138e+03
-1.0000e+00   -5.8360e-04   1.7135e+03
-9.5000e-01   -5.5264e-04   1.7190e+03
-9.0000e-01   -5.2056e-04   1.7289e+03
-8.5000e-01   -4.9032e-04   1.7336e+03
-8.0000e-01   -4.5924e-04   1.7420e+03
-7.5000e-01   -4.2906e-04   1.7480e+03
-7.0000e-01   -4.0118e-04   1.7449e+03
-6.5000e-01   -3.7200e-04   1.7473e+03
-6.0000e-01   -3.4208e-04   1.7540e+03
-5.5000e-01   -3.1378e-04   1.7528e+03
-5.0000e-01   -2.8404e-04   1.7603e+03
-4.5000e-01   -2.5600e-04   1.7578e+03
-4.0000e-01   -2.2750e-04   1.7582e+03
-3.5000e-01   -1.9860e-04   1.7623e+03
-3.0000e-01   -1.7016e-04   1.7630e+03
-2.5000e-01   -1.4152e-04   1.7665e+03
-2.0000e-01   -1.1342e-04   1.7634e+03
-1.5000e-01   -8.5436e-05   1.7557e+03
-1.0000e-01   -5.6752e-05   1.7621e+03
-5.0000e-02   -2.8336e-05   1.7645e+03
0.0000e+00   1.6800e-07   0.0000e+00
0.0000e+00   1.5798e-07   0.0000e+00
5.0000e-02   2.8376e-05   1.7621e+03
1.0000e-01   5.6634e-05   1.7657e+03
1.5000e-01   8.5000e-05   1.7647e+03
2.0000e-01   1.1301e-04   1.7698e+03
2.5000e-01   1.4186e-04   1.7623e+03
3.0000e-01   1.7050e-04   1.7595e+03
3.5000e-01   1.9918e-04   1.7572e+03
4.0000e-01   2.2804e-04   1.7541e+03
4.5000e-01   2.5664e-04   1.7534e+03
5.0000e-01   2.8590e-04   1.7489e+03
5.5000e-01   3.1482e-04   1.7470e+03
6.0000e-01   3.4398e-04   1.7443e+03
6.5000e-01   3.7456e-04   1.7354e+03
7.0000e-01   4.0444e-04   1.7308e+03
7.5000e-01   4.3456e-04   1.7259e+03
8.0000e-01   4.6462e-04   1.7218e+03
8.5000e-01   4.9470e-04   1.7182e+03
9.0000e-01   5.2470e-04   1.7153e+03
9.5000e-01   5.5694e-04   1.7057e+03
1.0000e+00   5.8716e-04   1.7031e+03
1.0500e+00   6.1760e-04   1.7001e+03
1.1000e+00   6.4988e-04   1.6926e+03
1.1500e+00   6.7978e-04   1.6917e+03
1.2000e+00   7.1168e-04   1.6862e+03
1.2500e+00   7.4322e-04   1.6819e+03
1.3000e+00   7.7074e-04   1.6867e+03
1.3500e+00   8.0196e-04   1.6834e+03
1.4000e+00   8.3182e-04   1.6831e+03
1.4500e+00   8.6074e-04   1.6846e+03
1.5000e+00   8.8770e-04   1.6898e+03
1.5500e+00   9.1896e-04   1.6867e+03
1.6000e+00   9.4746e-04   1.6887e+03
1.6500e+00   9.7630e-04   1.6901e+03
1.7000e+00   1.0042e-03   1.6928e+03
1.7500e+00   1.0267e-03   1.7045e+03
1.8000e+00   2.8180e-05   6.3875e+04
1.8500e+00   2.9984e-05   6.1700e+04
1.9000e+00   3.2520e-05   5.8426e+04
1.9500e+00   3.4564e-05   5.6417e+04
2.0000e+00   3.6450e-05   5.4870e+04
2.0500e+00   3.8464e-05   5.3297e+04
2.1000e+00   4.0572e-05   5.1760e+04
2.1500e+00   4.3900e-05   4.8975e+04
2.2000e+00   4.6196e-05   4.7623e+04
2.2500e+00   4.8818e-05   4.6090e+04
2.3000e+00   5.1300e-05   4.4834e+04
2.3500e+00   5.5024e-05   4.2709e+04
2.4000e+00   5.7570e-05   4.1688e+04
2.4500e+00   6.1420e-05   3.9889e+04
2.5000e+00   6.5656e-05   3.8077e+04
2.5000e+00   6.5464e-05   3.8189e+04
2.4500e+00   6.1106e-05   4.0094e+04
2.4000e+00   5.8736e-05   4.0861e+04
2.3500e+00   5.6052e-05   4.1925e+04
2.3000e+00   5.2246e-05   4.4023e+04
2.2500e+00   4.9366e-05   4.5578e+04
2.2000e+00   4.6472e-05   4.7340e+04
2.1500e+00   4.4336e-05   4.8493e+04
2.1000e+00   4.1982e-05   5.0021e+04
2.0500e+00   3.9052e-05   5.2494e+04
2.0000e+00   3.6800e-05   5.4348e+04
1.9500e+00   3.4492e-05   5.6535e+04
1.9000e+00   3.2312e-05   5.8802e+04
1.8500e+00   3.0400e-05   6.0855e+04
1.8000e+00   2.8340e-05   6.3514e+04
1.7500e+00   2.6404e-05   6.6278e+04
1.7000e+00   2.4684e-05   6.8871e+04
1.6500e+00   2.2964e-05   7.1852e+04
1.6000e+00   2.1338e-05   7.4984e+04
1.5500e+00   1.9922e-05   7.7803e+04
1.5000e+00   1.8506e-05   8.1055e+04
1.4500e+00   1.7228e-05   8.4165e+04
1.4000e+00   1.5752e-05   8.8878e+04
1.3500e+00   1.4678e-05   9.1974e+04
1.3000e+00   1.3524e-05   9.6125e+04
1.2500e+00   1.2410e-05   1.0073e+05
1.2000e+00   1.1522e-05   1.0415e+05
1.1500e+00   1.0354e-05   1.1107e+05
1.1000e+00   9.5357e-06   1.1536e+05
1.0500e+00   8.6461e-06   1.2144e+05
1.0000e+00   7.7631e-06   1.2881e+05
9.5000e-01   6.8910e-06   1.3786e+05
9.0000e-01   6.1782e-06   1.4567e+05
8.5000e-01   5.5356e-06   1.5355e+05
8.0000e-01   4.8757e-06   1.6408e+05
7.5000e-01   4.2658e-06   1.7582e+05
7.0000e-01   3.7393e-06   1.8720e+05
6.5000e-01   3.2185e-06   2.0196e+05
6.0000e-01   2.7280e-06   2.1994e+05
5.5000e-01   2.2789e-06   2.4134e+05
5.0000e-01   1.9066e-06   2.6225e+05
4.5000e-01   1.5586e-06   2.8872e+05
4.0000e-01   1.2362e-06   3.2357e+05
3.5000e-01   9.7220e-07   3.6001e+05
3.0000e-01   7.4676e-07   4.0174e+05
2.5000e-01   5.4004e-07   4.6293e+05
2.0000e-01   3.7494e-07   5.3342e+05
1.5000e-01   2.4252e-07   6.1851e+05
1.0000e-01   1.3926e-07   7.1808e+05
5.0000e-02   6.3270e-08   7.9026e+05
0.0000e+00   -1.0441e-10   -0.0000e+00
